282 269 358
307 269 358
416 270 356
570 266 360
572 265 360
573 264 359
593 273 363
594 275 369
595 275 367
596 273 367
597 273 370
598 276 377
599 275 378
600 274 379
601 275 378
615 275 381
616 275 382
625 276 368
652 273 380
653 274 380
658 274 382
660 275 379
661 274 381
667 273 365
669 277 376
670 276 378
684 271 379
685 271 380
686 273 379
687 273 377
689 276 379
691 269 380
692 269 382
693 271 366
694 271 368
695 271 364
696 270 362
697 268 363
698 268 366
699 270 361
700 268 362
702 270 358
778 279 374
873 281 408
874 279 408
877 275 409
904 282 412
906 280 412
907 275 412
928 272 383
929 272 382
930 268 367
931 269 369
942 274 377
943 274 376
945 280 415
946 276 416
947 276 420
948 281 418
953 264 428
954 265 431
955 267 431
956 266 427
957 282 412
961 283 418
976 283 422
992 263 428
995 267 440
1011 284 436
1012 284 439
1013 269 440
1014 267 439
1015 268 443
1016 269 442
1017 273 441
1018 274 443
1019 277 443
1020 277 440
1027 267 434
1029 283 434
1030 284 433
1032 283 429
1041 268 437
1042 266 437
1043 282 443
1045 284 437
1046 283 440
1047 281 445
1048 277 445
1055 283 444
1056 268 447
1057 270 447
1058 270 444
1059 269 444
1061 267 440
1071 282 448
1073 282 446
1075 275 463
1076 277 461
1077 278 458
1078 266 448
1079 269 449
1086 266 458
1087 267 455
1088 265 453
1089 265 456
1098 281 452
1099 279 455
1100 281 452
1101 282 449
1102 279 454
1103 278 457
1104 265 464
1105 267 464
1106 267 461
1107 265 459
1115 280 456
1116 276 465
1119 275 466
1120 271 470
1121 276 466
1122 266 466
1123 267 467
1124 265 464
1136 277 466
1141 269 422
1143 270 430
1144 269 426
1145 270 434
1146 271 440
1147 270 437
1148 272 442
1149 272 445
1150 272 447
1151 271 452
1152 272 450
1153 268 452
1154 269 458
1155 270 455
1156 268 465
1157 269 461
1158 268 468
1171 273 437
1172 277 436
1173 276 432
1174 272 433
1175 280 451
1176 274 451
1177 274 453
1178 280 448
1184 272 425
1185 272 429
1186 275 427
1187 276 423
1190 279 375
1254 268 378
1255 271 377
1256 271 375
1257 269 376
1299 270 360
1300 268 361
1308 270 358
1309 268 360
1331 265 359
1349 272 376
1350 273 374
1351 275 375
1352 275 373
1367 272 418
1368 272 421
1369 275 445
1370 274 449
1371 273 456
1372 272 459
1373 272 462
1374 270 469
1375 269 467
1383 280 375
1411 279 374
1420 280 376
1421 278 375
1425 280 375
1426 274 382
1427 268 360
1463 282 425
1518 263 428
1521 266 439
1522 266 441
1523 267 445
1524 266 445
1525 266 450
1526 266 446
1527 266 447
1529 265 457
1530 265 454
1531 265 460
1532 266 465
1556 293 404
1557 293 404
1559 289 405
1586 289 405
1589 295 403
1592 296 403
1693 295 403
1906 269 355
1919 296 411
1922 295 412
1923 294 410
1924 294 413
1925 292 411
1926 293 413
1927 291 413
1928 291 411
1931 290 409
1946 295 406
1947 296 406
1948 296 403
1949 290 409
1950 293 408
1951 293 407
1952 292 407
1955 289 407
1956 290 409
1957 290 407
1964 289 407
1966 296 405
1967 296 408
1969 297 412
1970 297 412
1980 295 403
1982 291 424
1983 291 421
1984 290 422
1985 290 420
1986 290 421
1987 290 419
1988 290 418
1989 292 424
1990 290 423
1991 292 424
1992 292 424
1993 293 424
1995 295 425
1996 295 423
1997 297 423
1998 296 424
2001 297 423
2002 297 423
2003 297 423
2005 290 422
2006 290 422
2009 293 422
2010 292 423
2011 293 423
2012 293 422
2015 291 417
2016 291 417
2018 291 416
2019 292 415
2020 290 416
2021 290 417
2022 291 418
2023 291 417
2024 292 419
2025 291 416
2026 291 417
2041 292 426
2042 291 425
2043 292 426
2044 292 426
2045 292 426
2046 292 426
2047 292 426
2048 292 426
2049 292 426
2050 290 424
2069 292 419
2070 293 418
2071 293 416
2072 293 416
2073 294 415
2074 292 426
2075 292 426
2085 293 422
2086 293 422
2094 290 421
2095 290 421
2097 291 416
2098 290 416
2099 291 416
2100 291 416
2101 291 416
2103 291 415
2104 291 415
2105 291 415
2109 293 414
2112 294 414
2113 291 422
2114 291 422
2115 291 423
2116 291 422
2117 292 425
2118 293 426
2122 293 426
2138 292 426
2139 292 426
2140 292 426
2150 296 424
2163 293 426
2182 297 416
2183 296 417
2199 298 420
2206 297 413
2207 297 415
2208 297 414
2212 298 421
2213 298 420
2221 295 420
2223 296 419
2224 295 420
2225 295 420
2226 295 418
2227 295 417
2228 295 415
2229 295 415
2230 295 414
2231 294 420
2234 297 415
2235 297 414
2236 290 421
2241 297 414
2242 291 413
2243 291 413
2244 297 412
2248 292 420
2249 292 422
2250 292 421
2251 293 420
2252 292 420
2253 292 421
2264 290 420
2265 290 418
2266 292 423
2267 291 423
2268 292 426
2279 297 415
2287 293 421
2288 293 421
2698 292 423
2699 292 423
2700 291 423
2701 291 423
2702 291 423
2703 292 422
2704 292 422
2705 292 423
2706 293 422
2707 292 421
2708 292 422
2709 294 424
2710 292 423
2711 291 423
2712 291 423
2713 294 424
2714 293 424
2715 292 423
2716 294 425
2717 294 425
2718 292 423
2719 293 424
2720 292 423
2721 292 423
2722 292 423
2723 292 423
2724 294 425
2725 293 424
2726 294 425
2727 294 425
2728 294 425
2729 293 425
2730 293 425
2731 293 425
2732 292 423
2733 292 423
2734 292 423
2735 291 423
2736 293 425
2737 291 423
2738 290 424
2739 293 425
2740 290 424
2741 293 425
2742 291 423
2743 291 423
2744 293 425
2745 293 425
2746 293 425
2747 294 425
2748 294 425
2749 293 425
2750 293 425
2751 293 425
2752 293 425
2753 293 425
2754 291 423
2755 291 423
2756 291 423
2757 293 425
2758 293 425
2759 293 424
2760 293 425
2761 293 425
2762 293 425
2763 293 425
2764 293 425
2765 293 425
2767 293 425
2768 293 425
2769 293 425
2812 266 364
2813 266 366
2830 274 383
2831 274 384
2845 273 384
2852 268 371
2853 268 373
2854 271 372
2855 271 370
2856 273 372
2857 275 371
2858 276 370
2870 266 379
2871 267 381
2872 266 363
2874 294 408
3030 277 374
3031 277 372
3032 276 372
3033 276 374
3036 278 371
3037 278 373
3040 277 376
3041 277 375
3042 276 376
3043 279 373
3044 278 374
3045 269 358
3046 269 358
3051 269 355
3052 269 357
3057 264 358
3059 263 360
3060 263 360
3061 265 361
3062 265 361
3063 266 377
3064 266 370
3065 266 373
3066 266 368
3067 266 362
3068 264 359
3069 269 354
3070 269 355
3073 264 365
3074 264 367
3075 266 375
3076 264 380
3078 264 363
3125 282 422
3161 268 358
3162 268 358
3168 264 360
3169 264 361
3171 264 362
3174 267 470
3175 266 469
3177 266 474
3178 266 466
3179 265 467
3183 267 468
3187 276 466
3188 275 467
3190 277 470
3191 269 472
3192 268 470
3193 267 474
3194 264 470
3197 265 468
3198 265 476
3199 266 476
3208 277 472
3209 267 477
3210 265 475
3215 287 483
3231 284 481
3232 283 483
3234 286 481
3236 282 485
3241 285 480
3243 287 479
3244 286 479
3245 288 479
3247 285 480
3248 286 480
3255 287 479
3256 286 479
3259 287 479
3260 286 479
3261 287 479
3262 288 479
3267 286 478
3268 286 478
3271 286 478
3288 286 478
3291 283 481
3292 282 483
3294 280 484
3297 280 486
3298 285 480
3300 285 479
3301 286 479
3302 289 481
3303 285 480
3304 285 478
3307 286 478
3308 286 478
3314 286 478
3317 286 478
3319 268 474
3320 269 472
3321 269 472
3322 269 475
3323 269 475
3324 268 476
3325 269 475
3326 269 475
3332 269 479
3333 270 478
3334 270 477
3335 270 479
3336 280 483
3337 281 481
3338 278 481
3339 277 483
3340 282 479
3341 279 478
3342 283 477
3343 281 476
3347 281 476
3350 279 485
3351 277 485
3352 278 486
3353 277 486
3354 283 486
3358 284 478
3364 275 480
3365 277 477
3366 280 475
3367 280 475
3370 278 474
3386 266 483
3388 265 482
3392 266 476
3393 264 479
3394 267 482
3395 266 479
3396 266 484
3397 275 483
3398 274 484
3400 273 478
3401 272 480
3402 272 482
3403 273 483
3404 271 482
3405 272 483
3406 275 485
3407 273 484
3408 272 484
3409 269 482
3410 270 483
3411 268 482
3412 269 483
3413 268 484
3414 267 481
3415 267 480
3416 266 480
3417 268 480
3418 270 480
3424 271 484
3425 269 483
3426 267 484
3428 267 485
3429 269 485
3430 271 484
3431 269 485
3432 267 478
3433 266 478
3434 265 478
3436 265 477
3437 275 486
3438 275 486
3443 273 485
3444 273 485
3447 272 484
3448 272 484
3449 270 484
3450 270 486
3451 273 485
3453 272 484
3454 271 485
3455 271 486
3456 270 485
3457 271 484
3458 269 485
3459 270 485
3465 271 485
3466 270 485
3467 269 485
3468 269 485
3472 276 447
3473 281 447
3474 282 445
3483 277 370
3495 264 369
3496 265 371
3497 265 373
3498 265 376
3506 264 378
3520 258 346
3521 258 345
3522 257 345
3523 257 347
3524 258 349
3525 258 350
3526 259 351
3527 259 350
3537 265 350
3552 263 351
3553 264 352
3554 264 351
3555 263 350
3556 266 350
3557 267 352
3558 268 352
3559 267 351
3560 267 351
3561 262 353
3562 262 354
3563 263 354
3564 263 353
3565 263 355
3566 262 355
3567 263 357
3568 265 356
3569 264 355
3570 263 356
3571 267 355
3572 266 356
3573 267 357
3574 268 355
3575 266 353
3576 267 352
3577 266 353
3578 266 353
3579 265 353
3580 265 352
3581 265 353
3582 265 353
3583 265 353
3584 265 353
3585 265 353
3586 266 353
3587 268 353
3589 267 353
3590 268 353
3591 265 352
3592 266 352
3593 266 351
3594 265 352
3595 265 352
3596 264 352
3597 265 352
3598 265 353
3599 264 353
3600 264 353
3601 265 354
3602 265 353
3603 266 354
3604 266 354
3605 266 354
3606 267 354
3607 265 351
3608 264 353
3609 263 352
3610 264 353
3611 264 354
3612 266 355
3613 265 354
3614 265 358
3615 266 358
3622 259 345
3623 259 345
3624 260 346
3629 260 346
3649 259 353
3650 260 354
3651 260 352
3652 259 354
3653 261 355
3654 262 357
3655 261 356
3656 257 352
3657 257 353
3658 259 355
3661 257 354
3663 257 355
3664 256 356
3665 258 357
3666 257 352
3667 257 344
3668 256 345
3669 257 344
3684 256 350
3686 257 353
3687 258 355
3710 253 341
3712 256 348
3714 256 348
3715 256 350
3718 256 352
3719 256 350
3720 256 350
3721 256 352
3723 256 348
3726 263 358
3727 260 357
3728 260 358
3729 262 359
3730 255 352
3731 255 351
3733 255 345
3735 256 350
3736 256 348
3748 260 349
3749 262 351
3750 263 349
3751 262 348
3755 262 352
3756 261 351
3757 257 347
3773 258 347
3774 259 348
3775 260 347
3776 260 346
3777 257 348
3778 257 349
3779 256 349
3787 267 351
3789 266 351
3790 267 354
3791 267 355
3792 268 355
3793 268 354
3794 265 358
3795 264 358
3796 263 358
3802 265 352
3803 268 352
3807 260 356
3808 260 356
3809 256 354
3810 256 354
3811 256 351
3816 263 358
3817 262 357
3818 264 358
3819 265 358
3841 265 353
3843 261 347
3863 260 346
3865 255 345
3866 256 349
3867 256 349
3868 256 349
3869 256 349
3870 253 342
3871 254 342
3872 254 341
3873 253 341
3874 254 342
3875 254 342
3876 255 343
3877 254 342
3878 255 342
3881 256 343
3882 255 342
3883 255 343
3884 256 344
3885 256 348
3886 256 349
3887 256 348
3891 254 342
3894 256 345
3895 256 346
3898 255 343
3899 255 343
3903 256 348
3904 256 349
3905 256 349
3906 256 348
3907 256 347
3908 256 347
3910 268 357
3911 268 355
3913 267 351
3925 267 352
3934 257 357
3935 256 356
3938 256 345
3939 255 344
3940 255 344
3941 255 345
3942 264 358
3943 255 354
3948 267 353
3949 267 352
3950 266 358
3952 255 343
3953 255 344
3954 255 344
3955 255 343
3956 255 343
3957 254 342
3958 255 343
3959 255 343
3960 255 343
3961 255 343
3962 254 342
3963 254 343
3964 254 342
3965 254 342
3966 254 342
3967 254 342
3968 253 342
3969 253 342
3970 253 342
3971 253 342
3982 255 346
3985 253 342
3986 253 342
3987 254 342
3988 254 344
3989 254 344
3991 254 344
3992 255 346
3993 255 346
3994 255 346
3996 255 346
3997 255 346
3998 255 346
3999 255 346
4000 255 346
4001 255 346
4002 255 346
4003 255 346
4005 255 346
4006 255 346
4010 256 348
4011 256 349
4015 254 344
4020 255 346
4034 254 344
4035 254 344
4041 254 344
4042 254 344
4048 254 344
4050 254 343
4051 255 343
4052 254 342
4053 254 343
4054 254 343
4055 254 343
4056 254 343
4057 254 343
4058 260 360
4059 262 360
4060 262 359
4061 261 359
4062 254 343
4063 254 343
4064 254 343
4065 254 344
4066 254 344
4067 254 344
4068 254 344
4069 255 345
4070 255 345
4072 252 360
4073 255 357
4074 251 357
4075 249 358
4076 254 362
4077 252 364
4078 252 364
4079 254 365
4080 253 367
4081 254 367
4094 243 358
4095 246 359
4096 248 358
4097 245 356
4114 236 394
4150 241 392
4151 245 394
4152 245 393
4153 241 391
4155 254 367
4166 241 392
4167 245 394
4181 259 370
4182 256 373
4183 258 366
4184 259 366
4185 260 365
4186 256 365
4187 259 364
4188 256 365
4189 254 362
4190 258 358
4193 239 391
4230 247 355
4231 246 353
4232 244 354
4233 250 349
4276 229 394
4277 233 390
4291 250 351
4292 251 350
4293 250 350
4294 248 352
4299 253 348
4300 251 349
4301 253 349
4302 254 348
4305 251 353
4306 249 353
4307 250 355
4308 252 354
4309 253 355
4312 253 350
4313 255 349
4333 235 416
4335 234 421
4336 236 420
4341 248 395
4342 246 394
4343 249 395
4352 236 400
4353 239 401
4354 240 399
4358 240 419
4359 239 414
4360 246 418
4361 251 416
4362 250 412
4363 245 413
4388 234 425
4390 235 425
4391 237 425
4392 246 421
4393 252 420
4398 252 402
4399 248 401
4400 248 403
4401 251 403
4406 248 394
4409 250 394
4416 259 370
4417 261 373
4418 235 402
4431 246 425
4432 249 428
4434 253 424
4439 258 430
4440 258 430
4443 240 423
4444 239 432
4445 242 431
4446 241 426
4447 238 428
4456 236 433
4457 235 429
4459 236 428
4460 237 432
4461 241 439
4462 244 438
4463 243 434
4464 240 435
4465 240 439
4466 238 436
4467 237 436
4468 238 439
4469 239 439
4489 241 447
4492 241 448
4493 241 450
4494 241 447
4495 242 452
4496 242 449
4497 244 450
4498 245 453
4504 256 448
4505 255 452
4507 241 442
4508 242 443
4515 255 445
4516 255 441
4517 245 443
4518 247 447
4519 242 445
4520 241 445
4529 253 454
4530 255 450
4531 247 450
4532 247 454
4533 252 456
4534 254 454
4538 241 452
4539 242 455
4540 245 457
4541 247 457
4553 239 455
4556 242 458
4557 244 463
4558 245 460
4559 241 461
4560 248 473
4561 243 472
4562 244 475
4563 247 474
4568 237 461
4569 238 458
4570 238 456
4573 253 461
4575 253 460
4580 236 468
4584 244 466
4585 240 464
4586 240 467
4587 244 469
4588 251 464
4589 248 469
4592 253 466
4593 252 470
4598 238 475
4599 237 472
4601 237 473
4602 242 478
4603 239 475
4604 240 477
4605 248 479
4606 248 479
4607 248 477
4608 250 474
4621 238 478
4622 239 479
4629 258 435
4630 258 431
4632 258 442
4639 253 456
4640 252 466
4641 252 462
4642 252 469
4643 251 473
4644 249 476
4645 254 409
4646 257 410
4648 254 405
4653 243 446
4657 258 443
4658 258 439
4659 258 439
4660 257 444
4661 251 461
4662 251 462
4663 252 459
4664 251 460
4666 239 453
4670 257 431
4671 256 430
4672 257 435
4673 258 434
4690 252 399
4699 251 349
4711 234 412
4720 249 357
4758 254 405
4761 253 354
4762 255 356
4777 252 364
4779 249 360
4780 254 362
4781 258 363
4782 259 363
4787 255 357
4788 258 359
4789 260 360
4790 227 393
4791 228 390
4792 253 351
4793 253 353
4794 225 390
4795 225 392
4799 256 357
4800 259 359
4807 263 359
4819 232 382
4821 248 394
4838 255 419
4839 255 415
4842 255 453
4843 253 456
4844 251 465
4845 252 468
4846 251 471
4847 249 474
4848 249 477
4849 224 392
4850 225 389
4851 224 389
4868 237 393
4870 238 389
4871 238 390
4873 231 382
4878 233 390
4879 231 385
4880 229 385
4881 228 387
4882 240 387
4883 240 387
4900 257 362
4901 238 386
4911 225 377
4912 225 378
4915 227 378
4916 227 379
4917 229 381
4921 240 392
4922 242 393
4923 247 400
4936 253 435
4942 239 455
4943 240 469
4949 238 411
4950 238 408
4951 248 404
4952 252 404
4953 245 393
4954 241 389
4957 241 387
4958 243 389
4971 254 412
4972 249 409
4973 244 410
4977 227 382
4978 228 383
4983 243 401
4984 239 403
4985 243 402
4996 254 455
5006 252 364
5020 221 420
5021 232 415
5022 232 415
5025 222 422
5026 230 421
5027 223 420
5028 221 420
5029 231 415
5041 221 411
5042 221 411
5043 222 407
5044 221 408
5047 222 417
5048 231 416
5049 232 413
5050 222 414
5055 230 421
5059 221 422
5060 221 419
5062 234 410
5063 234 410
5064 233 413
5065 233 413
5076 234 407
5082 221 404
5085 221 406
5088 222 400
5089 223 399
5090 222 401
5108 224 399
5109 223 397
5110 222 399
5111 222 400
5118 223 400
5119 222 400
5120 222 401
5121 222 401
5122 222 401
5132 223 402
5143 236 396
5144 236 396
5145 236 396
5148 226 396
5149 224 395
5151 224 395
5160 221 417
5161 221 414
5162 221 423
5164 221 406
5176 226 397
5177 224 399
5179 223 396
5185 227 395
5195 232 415
5197 233 410
5198 232 413
5209 222 399
5212 222 405
5217 235 400
5218 235 400
5220 235 400
5231 253 341
5232 253 342
5235 254 344
5236 254 344
5237 254 344
5238 254 343
5239 254 343
5241 254 343
5242 254 344
5243 254 342
5260 238 395
5261 240 397
5262 243 399
5263 247 398
5264 243 397
5266 251 398
5269 252 364
5270 245 352
5271 242 354
5272 241 356
5277 245 351
5279 243 352
5366 269 355
5367 269 354
5377 234 407
5379 221 427
5380 221 428
5381 221 430
5382 222 430
5383 221 432
5384 222 432
5385 222 430
5386 222 431
5387 222 429
5388 230 429
5389 230 430
5390 230 428
5391 230 428
5392 230 426
5393 230 428
5394 230 428
5395 230 426
5406 221 430
5408 221 425
5409 221 425
5410 230 425
5412 222 425
5413 223 426
5417 230 426
5421 221 428
5422 221 428
5423 221 430
5426 222 424
5427 221 425
5428 222 427
5431 221 433
5442 229 443
5443 230 439
5444 230 440
5445 229 442
5446 229 437
5447 229 436
5448 228 437
5449 229 438
5450 229 441
5451 229 441
5452 228 441
5453 228 442
5454 229 442
5455 226 443
5456 225 443
5457 226 444
5460 226 445
5461 225 445
5462 226 445
5464 225 445
5465 225 444
5466 230 441
5469 230 441
5470 227 440
5471 227 440
5472 228 441
5473 228 441
5474 231 436
5475 231 434
5476 231 433
5477 230 436
5478 230 435
5479 230 435
5480 225 433
5481 226 434
5482 230 435
5483 226 435
5484 227 436
5485 227 437
5487 230 435
5502 229 442
5503 229 443
5504 229 443
5505 229 443
5506 229 442
5507 229 442
5509 230 442
5510 228 444
5511 229 443
5513 230 443
5514 230 443
5527 220 438
5530 225 437
5531 226 438
5532 224 436
5533 224 435
5534 223 434
5535 229 443
5536 230 443
5546 227 440
5547 225 440
5551 230 437
5552 230 436
5553 230 436
5554 230 437
5555 231 436
5556 230 436
5557 230 439
5558 231 435
5559 231 433
5560 231 433
5563 230 431
5564 231 432
5570 223 433
5571 231 433
5572 231 432
5573 222 434
5574 228 439
5575 228 440
5576 228 441
5577 229 440
5578 226 444
5579 229 442
5580 229 442
5581 230 437
5582 231 437
5583 229 443
5596 225 445
5597 230 443
5599 230 443
5600 229 443
5611 225 444
5622 229 443
5631 224 444
5643 220 437
5644 220 439
5645 220 440
5646 220 440
5658 220 440
5660 223 444
5661 221 441
5662 220 440
5663 220 439
5664 220 438
5667 220 437
5670 220 437
5684 221 440
5685 224 442
5686 225 441
5687 224 437
5688 224 437
5689 222 435
5690 223 436
5691 222 434
5692 225 439
5696 221 434
5697 229 440
5700 230 437
5703 230 430
5704 230 430
5709 227 438
5710 227 439
5711 227 439
5712 227 439
5713 227 439
5714 226 439
5715 230 437
5725 231 436
5726 231 437
5727 228 441
5728 228 441
5736 230 443
5740 220 437
5748 225 439
5749 227 440
6159 227 440
6160 228 441
6161 228 441
6162 228 441
6163 228 441
6164 227 439
6165 227 439
6166 228 441
6167 227 440
6168 227 440
6169 227 440
6170 227 440
6171 227 440
6172 228 441
6173 228 441
6174 228 440
6175 228 441
6176 228 441
6177 228 441
6178 228 440
6179 228 441
6180 228 441
6181 228 441
6182 228 441
6183 228 441
6184 228 441
6185 228 440
6186 228 440
6187 228 440
6188 228 440
6189 228 441
6190 228 441
6191 228 441
6192 228 441
6193 228 440
6194 228 441
6195 228 441
6196 228 441
6197 228 441
6198 228 441
6199 229 441
6200 228 441
6201 229 441
6202 229 441
6203 229 441
6204 228 441
6205 229 441
6206 228 441
6207 228 441
6208 228 441
6209 228 441
6210 228 441
6211 228 441
6212 228 441
6213 228 441
6214 228 441
6215 228 441
6216 228 441
6217 229 441
6218 229 441
6219 229 441
6220 228 441
6221 229 441
6222 229 441
6223 229 441
6224 229 441
6225 229 441
6226 229 441
6227 229 441
6228 229 441
6229 229 441
6230 229 441
6237 230 443
6238 230 443
6273 262 365
6274 261 366
6280 239 387
6281 239 388
6282 227 386
6283 225 385
6313 260 374
6314 258 374
6315 258 376
6316 260 376
6333 262 364
6335 222 427
6338 241 353
6345 243 352
6354 225 381
6379 246 395
6380 250 396
6383 238 392
6385 240 393
6386 243 394
6431 247 351
6432 250 349
6445 225 379
6446 225 378
6493 267 358
6496 262 361
6497 262 360
6498 262 378
6499 262 374
6500 262 372
6501 264 369
6502 261 363
6503 263 376
6546 251 430
6549 235 405
6554 239 404
6555 248 407
6566 247 396
6570 238 394
6572 240 395
6573 243 396
6575 250 480
6587 238 483
6589 239 483
6590 238 484
6591 240 483
6592 250 478
6593 250 483
6598 249 482
6599 249 483
6607 237 484
6608 237 487
6613 238 502
6614 238 502
6623 235 501
6624 234 500
6625 234 500
6626 234 501
6627 236 502
6628 236 502
6629 236 502
6631 244 498
6632 244 500
6633 246 500
6634 246 499
6635 247 501
6645 239 501
6646 240 499
6647 240 502
6648 242 499
6655 238 499
6656 237 502
6657 238 501
6658 239 499
6665 236 501
6666 237 502
6667 235 500
6668 235 501
6669 236 501
6670 236 499
6671 236 501
6672 237 499
6673 236 501
6675 235 502
6676 236 500
6677 235 502
6678 235 501
6679 235 499
6680 234 499
6681 234 500
6682 234 500
6683 235 499
6684 235 499
6685 235 499
6686 234 501
6687 234 500
6688 235 499
6689 234 500
6690 234 500
6691 246 498
6692 244 498
6696 242 503
6703 240 498
6704 238 498
6708 237 499
6709 236 501
6710 235 499
6711 234 500
6712 236 501
6713 236 498
6714 234 500
6715 234 499
6716 234 499
6717 235 499
6718 235 498
6719 249 479
6721 249 479
6735 238 487
6736 247 496
6737 248 495
6738 247 493
6739 245 496
6740 243 492
6741 242 495
6742 239 493
6743 239 496
6744 237 494
6745 237 496
6746 236 495
6747 235 496
6748 235 496
6749 234 497
6756 234 497
6757 234 498
6762 234 498
6763 234 497
6764 248 492
6765 245 490
6766 240 490
6767 237 492
6768 236 493
6769 235 494
6770 237 490
6771 236 492
6772 236 493
6773 236 491
6777 236 491
6797 248 494
6799 239 489
6800 248 488
6801 248 490
6818 248 490
6819 234 496
6820 235 495
6822 235 493
6840 235 496
6841 235 495
6869 237 488
6870 251 458
6871 252 456
6872 247 459
6873 244 405
6874 248 392
6875 248 392
6876 248 392
6877 244 407
6880 255 343
6881 255 344
6882 255 345
6886 254 344
6887 254 344
6888 254 344
6889 254 344
