0 311 237
1 312 238
2 311 239
4 311 239
5 312 239
16 311 243
17 311 243
18 311 243
19 311 242
20 312 242
21 312 241
22 312 241
23 312 241
24 311 243
25 311 244
26 311 242
27 311 242
28 312 243
29 312 243
30 312 242
31 312 243
32 312 243
33 312 243
34 312 243
35 312 243
36 312 242
37 312 242
38 312 242
40 310 244
41 310 244
42 311 244
43 310 245
44 312 243
45 311 245
46 311 244
47 311 244
48 311 245
49 309 246
50 310 246
51 309 246
52 309 246
53 309 247
54 309 247
55 308 248
56 308 247
57 309 247
58 309 248
59 310 247
63 311 245
64 311 245
65 311 245
66 311 245
68 310 245
69 310 245
70 310 245
72 311 245
74 311 245
75 311 245
77 311 245
79 311 245
80 310 245
81 311 245
82 311 245
83 310 245
84 310 245
85 310 245
87 310 246
88 310 245
89 310 246
93 310 246
94 310 246
95 311 244
96 310 246
97 310 245
98 310 246
99 310 246
100 310 247
101 310 247
102 309 248
103 309 248
104 312 240
105 311 240
106 311 240
107 311 240
108 311 240
109 311 240
111 311 241
117 311 241
118 311 241
119 311 241
120 311 242
121 311 241
122 312 240
123 312 240
124 312 240
125 312 240
126 312 240
127 312 240
128 312 240
129 312 240
130 312 240
131 312 240
132 312 235
133 312 237
134 311 236
135 310 237
137 308 246
138 308 246
139 307 246
141 307 246
142 307 248
143 307 247
144 306 247
163 311 233
188 311 240
189 311 240
190 311 240
204 296 242
212 296 244
213 297 245
215 303 250
216 302 250
223 297 244
225 296 241
226 296 240
227 311 242
228 311 241
229 312 241
230 312 240
231 311 241
232 312 237
234 312 239
235 312 238
236 310 244
237 311 243
238 311 243
239 310 244
240 311 241
241 311 241
242 311 241
243 310 245
244 309 245
247 309 230
248 311 232
255 296 239
257 296 244
259 312 236
263 310 243
275 311 244
276 311 244
277 312 243
282 307 248
283 307 248
284 304 248
285 304 248
286 312 243
287 312 243
288 312 243
289 312 243
290 311 245
294 311 245
295 305 247
296 304 248
300 297 243
301 296 243
310 312 243
311 312 243
312 312 243
313 312 243
314 312 243
315 312 243
316 312 243
317 312 243
318 312 243
320 312 243
322 312 243
323 312 243
324 312 243
325 312 243
327 312 243
328 312 241
329 312 241
330 312 242
338 312 240
339 310 242
340 311 242
341 311 242
342 311 242
343 311 242
344 312 240
345 312 239
346 312 240
347 312 240
348 312 240
349 312 241
350 312 240
351 311 241
352 311 241
353 311 241
354 311 241
355 311 241
356 311 241
357 311 242
384 296 231
385 298 228
398 296 236
399 296 238
407 312 241
408 312 240
409 312 240
410 312 239
411 307 228
421 312 240
422 296 239
429 312 243
430 311 245
431 312 243
432 312 243
433 312 243
435 311 241
436 311 241
455 311 241
456 312 240
458 311 245
459 311 245
460 296 242
461 307 248
571 302 251
858 297 287
860 296 288
861 296 287
874 292 304
875 292 302
878 290 302
879 290 302
906 293 307
908 290 305
909 290 307
910 292 307
911 291 304
916 297 285
917 297 286
945 293 309
948 293 311
949 287 309
950 287 312
951 290 312
952 290 309
953 287 315
954 287 317
955 289 317
956 290 314
963 288 305
964 287 307
983 282 315
991 283 316
992 283 314
994 282 316
995 284 323
996 284 322
997 283 322
998 283 323
1000 283 321
1005 283 323
1006 283 322
1013 288 324
1014 287 323
1015 286 325
1016 288 326
1017 292 324
1018 291 327
1019 291 328
1020 294 326
1024 283 317
1025 284 318
1027 289 320
1028 287 319
1029 293 323
1032 293 319
1036 283 319
1039 284 321
1040 283 319
1041 289 322
1042 287 321
1044 290 327
1046 294 325
1048 290 329
1049 282 324
1051 282 324
1055 290 328
1056 284 328
1057 285 329
1058 286 327
1059 285 326
1060 281 326
1061 283 324
1073 287 331
1078 282 329
1079 283 331
1081 279 328
1084 279 327
1141 292 312
1142 292 309
1143 292 317
1144 292 315
1145 292 319
1146 291 325
1147 291 323
1148 289 327
1149 288 328
1150 287 330
1151 282 334
1152 285 332
1153 281 332
1168 282 317
1171 293 323
1172 295 324
1173 296 321
1174 294 320
1177 283 335
1184 294 315
1185 294 317
1186 296 316
1187 295 315
1207 291 301
1208 290 302
1224 291 303
1225 291 301
1226 290 302
1227 289 304
1254 303 268
1274 292 302
1276 292 297
1329 301 273
1331 303 250
1332 298 283
1334 299 283
1336 297 286
1337 297 287
1345 297 283
1348 302 271
1366 293 304
1367 294 309
1368 294 312
1369 289 329
1370 287 331
1451 290 302
1455 285 312
1456 285 309
1463 293 316
1479 292 297
1497 292 297
1499 292 302
1517 285 317
1518 285 315
1519 285 319
1520 285 321
1521 285 323
1522 285 324
1523 284 325
1524 282 327
1526 280 328
1782 275 278
1806 294 293
2779 311 240
2780 311 240
2781 311 241
2782 311 241
2783 311 241
2784 311 241
2785 312 240
2786 312 240
2787 312 240
2788 312 240
2789 312 240
2790 311 241
2791 312 240
2792 311 241
2793 311 241
2794 311 241
2795 311 241
2796 311 241
2797 311 241
2798 312 240
2799 311 241
2800 311 241
2801 312 241
2802 311 241
2803 312 240
2804 312 240
2805 311 241
2806 312 241
2807 311 241
2808 312 240
2809 312 240
2810 311 241
2811 311 241
2814 311 241
2815 311 241
2816 311 241
2817 311 241
2818 311 241
2838 278 268
2913 275 277
2914 276 275
3020 277 271
3021 275 278
3022 275 277
3045 307 248
3046 309 248
3047 311 245
3053 312 243
3068 303 250
3076 303 268
3079 301 273
3102 269 294
3119 269 289
3120 269 288
3125 294 315
3131 290 302
3141 269 291
3148 291 300
3149 291 301
3158 271 284
3161 309 248
3162 308 248
3173 278 267
3481 269 293
3484 270 286
3500 298 285
3501 298 285
3503 296 288
3506 303 268
3512 312 235
3513 311 235
3514 311 236
3515 312 236
3516 312 237
3517 312 237
3518 311 235
3519 311 235
3520 309 238
3521 309 237
3522 309 237
3523 308 238
3524 309 240
3525 307 240
3526 308 241
3527 309 241
3528 311 241
3529 311 241
3530 311 241
3531 311 242
3532 312 241
3533 312 241
3534 312 240
3535 312 240
3536 311 242
3537 311 242
3538 312 242
3539 311 241
3540 312 242
3541 312 243
3542 312 242
3543 312 242
3544 312 242
3545 312 242
3546 312 242
3547 312 242
3548 312 241
3549 312 241
3550 312 242
3552 311 243
3553 311 243
3554 311 243
3555 311 242
3556 312 242
3557 311 244
3558 311 244
3560 311 243
3561 309 243
3562 309 244
3563 310 244
3564 310 243
3565 310 244
3566 309 244
3567 308 246
3568 310 246
3569 310 245
3570 309 245
3571 310 246
3572 310 246
3573 310 247
3575 311 244
3576 311 244
3577 311 244
3578 311 244
3579 311 244
3580 311 244
3581 311 244
3582 311 244
3583 311 244
3584 311 244
3585 311 244
3586 311 245
3589 311 245
3590 311 245
3591 311 244
3592 311 244
3593 311 243
3594 311 243
3595 311 243
3596 311 243
3597 310 244
3598 311 244
3599 310 244
3600 310 244
3601 311 244
3602 311 244
3603 311 245
3604 310 245
3605 311 245
3606 311 245
3607 311 243
3608 310 244
3609 310 243
3610 310 244
3611 310 245
3612 310 246
3613 310 245
3614 309 247
3615 309 247
3616 312 237
3617 312 237
3618 311 238
3619 312 238
3620 312 238
3621 311 238
3622 310 237
3623 310 238
3624 311 238
3625 311 238
3626 311 239
3627 311 239
3628 311 239
3629 311 239
3630 311 239
3631 311 239
3632 311 239
3633 311 239
3634 312 238
3635 312 238
3636 312 239
3637 312 239
3638 311 240
3639 312 239
3640 312 239
3641 311 240
3642 311 239
3643 311 240
3645 312 233
3647 310 233
3648 309 233
3649 307 242
3650 308 243
3651 309 242
3652 307 243
3653 308 244
3654 307 246
3655 307 245
3656 305 241
3657 304 242
3658 306 243
3659 304 240
3660 303 240
3661 303 242
3662 303 246
3663 302 245
3664 302 246
3665 303 247
3666 306 240
3667 308 236
3668 308 237
3669 309 236
3670 307 230
3671 307 231
3672 308 232
3673 310 231
3674 309 229
3675 309 229
3676 310 231
3678 305 230
3679 306 229
3680 304 229
3681 304 230
3682 306 228
3683 303 227
3684 302 240
3685 302 241
3686 301 243
3687 303 244
3688 303 227
3690 299 231
3691 300 232
3692 301 231
3693 300 230
3694 298 231
3695 299 229
3696 297 236
3697 297 236
3698 296 238
3699 297 238
3700 311 236
3701 311 236
3702 311 237
3703 311 237
3704 310 236
3705 310 236
3706 307 233
3707 306 232
3708 303 231
3709 305 232
3710 301 233
3711 301 232
3712 301 239
3713 298 238
3714 299 240
3715 300 241
3716 297 240
3717 297 240
3718 299 243
3719 298 243
3720 298 244
3721 299 244
3722 297 243
3723 297 242
3724 296 242
3725 296 243
3726 304 248
3727 303 248
3728 303 249
3729 303 249
3730 298 245
3731 297 245
3732 298 236
3733 300 236
3734 296 244
3735 298 242
3736 298 241
3737 296 239
3738 296 238
3739 311 240
3740 311 239
3741 311 240
3742 311 239
3743 311 239
3748 310 240
3749 310 242
3750 311 241
3751 311 240
3752 311 238
3753 311 238
3754 311 238
3755 310 242
3756 310 242
3757 307 238
3758 310 237
3762 303 227
3763 299 229
3764 298 229
3766 297 231
3767 296 236
3768 296 243
3772 308 234
3773 309 239
3774 310 239
3775 310 239
3776 310 238
3777 308 239
3778 307 239
3779 305 239
3780 304 240
3781 302 229
3782 302 230
3783 301 228
3784 301 228
3785 302 231
3786 301 228
3787 312 243
3788 312 243
3789 311 243
3790 311 245
3793 311 245
3794 307 248
3795 307 247
3796 304 248
3797 304 247
3798 312 243
3799 312 242
3800 312 243
3801 312 243
3802 311 244
3807 305 245
3808 304 246
3809 301 245
3810 301 244
3811 300 242
3812 297 241
3813 296 241
3814 296 241
3816 306 247
3817 305 247
3818 306 247
3821 312 243
3822 312 243
3824 312 243
3825 312 243
3826 312 243
3827 312 242
3828 312 243
3831 312 243
3832 312 243
3833 312 243
3834 312 242
3835 312 242
3837 312 243
3838 312 241
3841 311 244
3843 311 239
3844 311 240
3845 311 240
3846 311 240
3847 311 240
3848 312 239
3849 312 239
3850 312 239
3851 312 239
3852 312 239
3853 312 240
3854 312 240
3855 311 238
3856 311 238
3857 311 240
3858 311 240
3859 311 239
3860 311 240
3861 311 240
3862 310 237
3863 311 238
3864 301 239
3865 300 236
3866 303 239
3867 303 239
3868 302 239
3869 303 240
3870 302 233
3871 303 233
3872 303 233
3873 302 233
3874 303 233
3875 303 233
3876 304 234
3877 304 233
3878 305 234
3879 305 233
3880 304 232
3881 308 236
3882 307 234
3883 306 235
3884 306 237
3885 304 238
3886 304 239
3887 302 239
3888 297 233
3889 298 233
3890 299 234
3891 300 234
3892 297 232
3893 296 232
3894 306 237
3895 305 237
3896 298 235
3897 297 234
3898 299 235
3899 300 235
3901 296 236
3902 296 236
3903 303 238
3904 303 239
3905 303 239
3906 304 238
3907 305 238
3908 305 238
3909 312 240
3910 310 247
3912 312 243
3915 312 243
3916 312 239
3922 312 243
3923 312 243
3924 312 243
3925 311 244
3926 312 243
3927 312 243
3928 312 243
3929 312 243
3930 311 239
3931 311 239
3934 302 248
3935 301 247
3938 305 237
3939 305 235
3940 304 235
3941 304 237
3943 300 246
3945 311 238
3946 311 238
3947 311 239
3948 311 245
3949 311 244
3952 303 233
3953 303 234
3954 304 235
3955 304 234
3956 304 234
3957 304 234
3958 304 234
3959 304 234
3960 304 234
3961 304 235
3962 304 234
3963 304 234
3964 303 233
3965 304 233
3966 303 233
3967 303 233
3968 303 233
3969 303 233
3970 302 233
3971 302 234
3972 304 238
3973 303 238
3974 301 234
3975 302 234
3976 301 234
3977 301 234
3978 301 235
3979 301 235
3980 301 236
3981 301 236
3982 301 237
3983 302 236
3984 302 234
3985 303 233
3986 302 233
3987 303 233
3988 301 234
3989 301 235
3990 302 235
3991 301 234
3992 304 237
3993 304 237
3994 304 238
3995 303 238
3996 304 237
3997 303 238
3998 304 237
3999 304 237
4000 304 237
4001 304 237
4002 303 238
4003 304 237
4004 304 237
4005 304 238
4006 301 237
4007 301 236
4008 302 238
4009 302 238
4010 303 239
4011 302 239
4012 301 234
4013 301 234
4014 302 239
4015 301 235
4016 302 236
4017 302 237
4018 302 236
4019 304 237
4020 303 238
4021 303 238
4022 303 238
4023 302 237
4024 302 236
4025 302 236
4026 301 236
4027 304 237
4028 304 237
4029 301 236
4030 301 235
4031 304 237
4032 302 236
4033 302 235
4034 302 235
4035 302 235
4036 302 236
4037 302 235
4038 301 235
4039 302 234
4040 301 234
4041 302 235
4042 302 235
4043 302 234
4044 302 234
4045 302 234
4046 302 234
4047 302 234
4048 302 234
4049 302 234
4050 303 234
4051 303 234
4052 303 233
4053 303 233
4054 303 234
4055 303 234
4056 303 234
4057 302 234
4058 302 251
4061 303 250
4062 303 234
4063 303 234
4064 303 233
4065 302 234
4066 302 234
4067 302 234
4068 302 235
4069 304 237
4070 304 237
4071 302 235
4072 301 250
4073 301 250
4074 300 249
4075 300 249
4077 301 251
4080 302 255
4084 303 258
4086 303 266
4087 303 268
4088 303 268
4089 303 267
4090 301 257
4091 300 256
4092 300 256
4093 300 257
4094 297 247
4096 299 248
4098 300 263
4099 300 264
4100 301 264
4101 301 263
4102 297 271
4103 297 273
4105 299 272
4110 303 259
4111 303 260
4112 303 258
4113 303 258
4114 293 266
4115 293 266
4116 294 264
4117 294 264
4119 286 275
4120 286 276
4121 288 278
4122 297 254
4123 297 252
4124 295 251
4125 295 252
4126 301 259
4127 301 259
4128 301 258
4129 301 259
4133 289 262
4136 302 259
4137 303 260
4138 302 258
4139 302 258
4140 302 269
4142 290 279
4143 291 280
4145 290 278
4146 300 271
4147 301 270
4148 300 269
4149 300 271
4150 293 281
4151 294 282
4152 295 281
4153 293 280
4156 302 266
4157 301 267
4158 302 268
4159 303 266
4160 298 261
4161 300 258
4162 299 257
4163 298 256
4164 285 278
4165 287 279
4166 292 283
4167 294 284
4168 288 258
4169 288 258
4170 288 258
4171 288 258
4172 303 268
4176 300 268
4177 299 269
4178 301 269
4179 303 268
4180 302 271
4186 302 254
4190 301 251
4191 300 259
4192 299 260
4193 291 281
4194 286 249
4195 285 251
4196 285 251
4197 286 250
4198 296 246
4199 299 249
4200 285 256
4201 285 256
4202 285 256
4205 286 258
4206 286 258
4207 288 257
4208 283 275
4209 284 274
4210 284 263
4217 285 251
4221 286 249
4222 286 249
4224 288 261
4225 288 262
4226 288 258
4227 288 258
4228 288 258
4229 288 258
4230 297 246
4231 295 246
4232 295 246
4234 290 246
4241 288 258
4243 288 257
4244 286 257
4245 286 257
4246 286 258
4247 288 258
4248 288 258
4250 287 261
4251 287 260
4254 279 265
4255 280 263
4261 285 257
4262 285 258
4263 285 258
4264 285 257
4269 293 246
4270 296 247
4271 294 246
4272 288 261
4273 288 262
4275 287 260
4276 293 265
4277 294 262
4280 287 263
4281 288 263
4282 283 264
4284 280 275
4285 281 275
4286 282 273
4287 281 273
4288 283 277
4289 280 275
4290 281 275
4291 296 245
4292 295 245
4293 294 245
4294 295 245
4295 280 286
4296 279 287
4297 282 288
4298 283 287
4301 294 245
4303 283 285
4304 281 284
4305 298 246
4306 297 246
4307 299 247
4308 299 247
4309 300 248
4310 283 290
4311 285 288
4312 295 245
4313 294 245
4314 294 245
4316 282 278
4317 285 279
4318 269 295
4321 269 296
4329 271 284
4330 278 277
4331 280 278
4332 287 279
4333 279 302
4334 275 300
4335 273 303
4336 277 305
4337 269 300
4338 270 298
4339 269 298
4340 268 300
4341 295 285
4342 294 285
4343 294 286
4345 297 286
4346 296 288
4352 287 289
4353 288 291
4354 289 289
4355 288 288
4358 280 308
4359 282 305
4360 282 309
4361 284 310
4362 286 307
4363 284 307
4365 290 301
4366 289 303
4368 268 292
4371 268 292
4372 278 276
4373 277 278
4374 277 276
4375 279 273
4376 278 273
4377 281 262
4378 281 263
4379 283 261
4380 281 260
4383 268 299
4386 268 302
4387 268 303
4388 270 304
4389 271 301
4390 272 306
4391 275 308
4392 281 312
4393 282 312
4395 283 309
4396 282 310
4398 291 297
4399 291 295
4400 290 297
4401 290 299
4402 298 285
4403 297 285
4404 296 285
4405 297 284
4406 296 283
4413 302 272
4414 302 270
4415 301 272
4418 286 292
4423 285 286
4424 289 280
4425 288 282
4426 295 267
4427 294 269
4430 272 299
4431 279 315
4432 278 317
4443 278 310
4444 272 314
4445 275 315
4446 276 313
4447 273 311
4459 271 309
4463 273 318
4583 252 340
4590 253 345
4594 251 338
4596 251 341
4597 250 341
4598 252 346
4600 251 343
4601 251 345
4610 249 348
4611 248 348
4612 249 344
4613 250 344
4614 249 345
4616 248 348
4617 248 348
4618 250 348
4619 250 344
4620 249 348
4628 280 312
4645 287 305
4646 287 305
4647 288 304
4670 277 318
4672 275 322
4674 283 271
4675 282 271
4676 299 266
4677 297 267
4678 299 268
4679 300 267
4680 297 265
4681 299 265
4682 298 264
4683 296 264
4689 295 287
4690 292 293
4691 292 297
4692 293 294
4693 291 301
4694 279 265
4695 280 263
4699 288 247
4711 281 300
4712 277 297
4716 285 265
4720 299 248
4721 296 247
4722 298 249
4723 298 248
4724 296 247
4725 287 249
4726 288 248
4727 288 248
4728 287 248
4729 269 287
4730 269 287
4731 277 271
4732 277 271
4733 278 269
4734 278 269
4735 282 258
4736 282 259
4738 304 263
4739 304 263
4741 284 262
4742 285 261
4743 285 262
4744 285 263
4745 274 295
4746 270 296
4749 283 269
4753 288 263
4756 288 258
4757 285 306
4758 290 301
4759 290 299
4761 299 246
4762 301 248
4763 288 262
4765 288 258
4766 288 258
4767 288 258
4768 288 258
4769 288 258
4770 288 258
4771 301 257
4772 302 257
4773 301 255
4774 301 255
4775 302 256
4777 302 254
4778 302 255
4779 300 250
4780 301 251
4783 290 246
4785 290 246
4787 301 249
4788 302 250
4790 291 263
4791 292 262
4792 297 245
4793 298 246
4794 289 262
4795 289 263
4796 300 251
4797 299 249
4798 300 251
4799 302 249
4800 303 249
4801 280 295
4802 283 297
4807 303 250
4808 298 283
4809 298 284
4812 298 285
4816 297 258
4817 297 258
4818 296 256
4819 295 257
4820 297 282
4821 296 282
4822 298 261
4824 302 272
4826 304 264
4830 286 255
4831 286 254
4832 286 255
4833 286 256
4838 282 311
4839 284 309
4840 281 314
4841 279 316
4849 287 264
4850 288 262
4851 286 263
4852 286 265
4861 285 266
4862 285 264
4863 285 265
4864 285 265
4865 286 263
4867 285 266
4868 292 267
4870 292 266
4871 293 265
4872 294 255
4873 294 257
4874 298 256
4875 298 257
4876 298 256
4877 298 256
4878 295 260
4879 295 259
4880 293 258
4881 292 259
4882 294 264
4883 293 264
4886 286 264
4887 286 263
4888 298 259
4889 297 260
4890 298 261
4892 288 258
4893 301 267
4894 301 265
4895 295 264
4897 300 266
4898 301 265
4901 296 259
4902 295 264
4903 285 260
4904 287 259
4905 287 259
4906 286 261
4907 284 256
4908 283 257
4909 283 259
4910 284 257
4911 287 255
4912 288 255
4913 288 254
4914 288 253
4915 290 254
4916 290 256
4917 291 256
4918 292 254
4919 277 290
4920 280 291
4921 290 283
4922 292 284
4923 292 292
4927 282 292
4936 274 321
4946 251 338
4947 250 342
4949 284 302
4950 285 299
4951 289 300
4952 289 301
4964 285 273
4965 279 267
4966 280 268
4967 281 266
4968 279 265
4969 291 298
4971 286 307
4972 287 305
4973 286 304
4975 285 255
4976 285 256
4977 289 257
4978 291 257
4980 296 255
4981 297 256
4982 297 255
4983 290 293
4984 288 293
4985 289 295
4987 289 303
5001 252 341
5002 252 345
5003 250 348
5006 300 250
5009 297 261
5010 285 261
5011 286 261
5013 298 258
5015 290 274
5016 289 274
5017 291 275
5018 291 274
5019 291 272
5020 292 273
5022 295 273
5023 296 274
5026 295 273
5028 293 272
5037 288 272
5038 287 273
5039 289 274
5040 289 273
5041 289 269
5043 291 268
5044 288 268
5045 286 271
5046 286 272
5047 293 271
5049 293 270
5050 292 270
5052 295 278
5053 294 278
5054 295 277
5055 296 274
5057 295 273
5058 291 276
5059 291 276
5060 291 276
5061 291 277
5063 293 269
5066 288 271
5067 289 272
5068 289 275
5069 289 275
5070 289 275
5071 289 276
5073 289 276
5082 285 269
5083 285 270
5084 286 270
5085 286 270
5086 286 271
5087 285 271
5088 284 270
5090 285 271
5091 285 271
5092 287 274
5093 288 275
5094 288 276
5095 288 276
5096 288 274
5099 289 275
5103 287 271
5108 290 266
5109 286 267
5110 285 268
5111 286 267
5112 286 274
5113 287 274
5118 292 267
5119 285 268
5120 285 268
5121 285 268
5122 285 268
5123 285 269
5124 285 270
5125 285 269
5126 286 273
5127 286 273
5128 285 272
5129 286 273
5132 285 269
5133 292 267
5134 287 273
5135 285 270
5136 286 270
5137 285 270
5138 285 268
5145 293 268
5146 292 270
5148 291 266
5149 287 265
5150 285 267
5151 286 265
5157 291 277
5158 294 279
5159 293 278
5160 291 271
5161 290 271
5162 293 273
5163 285 269
5164 286 269
5165 285 271
5166 284 269
5167 284 270
5168 286 274
5169 286 274
5170 286 273
5171 285 272
5172 285 272
5173 285 271
5174 285 271
5175 285 271
5176 292 267
5177 292 267
5178 284 267
5179 284 268
5180 285 268
5181 285 266
5182 284 269
5183 284 267
5184 284 269
5185 292 266
5186 285 270
5187 285 269
5188 285 267
5199 288 275
5200 287 272
5201 287 272
5202 287 273
5205 286 273
5207 285 272
5208 285 270
5209 285 268
5210 292 275
5211 289 270
5212 289 267
5213 291 267
5214 285 272
5215 285 270
5216 287 272
5221 285 272
5224 298 270
5225 297 269
5230 296 263
5231 302 233
5232 301 233
5233 302 232
5234 298 284
5235 301 234
5236 301 235
5237 302 235
5238 302 234
5239 302 234
5240 303 232
5241 300 234
5242 300 235
5243 303 233
5244 276 277
5245 275 278
5247 275 279
5249 276 283
5250 278 283
5251 279 282
5252 277 282
5253 282 281
5254 280 281
5255 282 282
5256 284 283
5257 284 281
5258 285 284
5259 286 282
5260 288 286
5261 289 287
5262 291 291
5263 292 290
5264 291 289
5265 294 292
5266 293 291
5267 294 293
5268 294 293
5269 301 253
5272 295 246
5273 287 248
5274 288 247
5276 287 248
5282 293 247
5283 291 247
5284 291 248
5285 293 248
5286 286 250
5287 286 251
5288 286 251
5289 286 250
5290 293 250
5291 291 250
5292 291 251
5293 293 251
5294 287 249
5296 283 255
5297 284 255
5298 285 255
5299 285 254
5300 285 255
5301 285 255
5302 285 255
5303 298 257
5304 299 256
5305 298 254
5306 286 256
5307 286 256
5308 286 256
5309 286 257
5310 293 247
5311 289 251
5312 289 250
5313 288 251
5314 288 251
5315 287 252
5316 287 251
5317 286 252
5318 286 253
5319 286 256
5320 286 255
5321 294 253
5322 296 249
5323 298 251
5324 298 249
5325 296 248
5326 288 258
5327 288 258
5328 288 258
5329 288 257
5331 298 260
5332 298 258
5333 299 253
5334 300 252
5335 292 253
5336 291 252
5337 286 257
5338 286 257
5339 286 258
5340 286 257
5341 286 257
5342 293 248
5343 288 252
5344 287 252
5345 287 251
5346 287 250
5347 287 250
5348 286 251
5349 286 254
5350 286 255
5351 286 252
5352 286 252
5353 286 256
5354 300 251
5355 300 254
5356 301 253
5357 300 255
5358 300 254
5359 299 255
5360 301 253
5361 286 273
5362 286 258
5363 285 259
5364 285 259
5365 285 262
5370 285 272
5371 285 272
5372 287 274
5373 288 274
5374 287 274
5375 286 270
5376 287 270
5377 292 268
5379 295 275
5380 294 276
5381 295 277
5382 296 275
5383 296 275
5384 300 275
5385 297 274
5386 300 276
5387 300 275
5388 300 276
5389 300 277
5402 297 281
5403 296 280
5406 296 280
5407 292 275
5408 294 275
5409 294 274
5421 294 277
5422 294 278
5423 296 279
5424 295 278
5426 294 278
5427 293 277
5428 295 279
5429 294 279
5430 296 279
5431 295 277
5432 293 276
5442 301 279
5443 301 278
5444 301 278
5445 301 278
5447 300 275
5448 300 275
5450 300 277
5451 300 277
5452 300 278
5453 300 278
5454 300 278
5455 300 278
5456 299 278
5457 299 278
5458 300 280
5459 301 280
5460 301 280
5461 300 280
5462 301 281
5463 301 281
5464 301 281
5465 301 281
5466 302 279
5467 302 279
5468 302 279
5469 302 279
5470 299 278
5471 299 278
5472 299 278
5473 299 278
5477 302 279
5478 301 276
5479 301 277
5480 300 275
5481 299 275
5482 301 275
5483 299 275
5484 299 275
5485 299 275
5493 301 282
5494 301 282
5495 302 281
5502 300 278
5503 301 279
5504 301 278
5505 301 278
5506 300 278
5507 300 278
5508 302 280
5509 302 280
5510 301 279
5511 301 279
5512 302 280
5513 302 280
5514 302 280
5515 302 280
5521 302 281
5522 302 281
5523 302 281
5524 302 281
5525 302 281
5526 301 282
5527 300 282
5530 299 276
5531 299 276
5532 298 276
5533 298 276
5534 298 275
5535 301 279
5536 301 279
5537 302 280
5546 299 277
5547 298 278
5550 302 280
5552 302 279
5554 302 279
5557 301 277
5559 302 279
5560 300 277
5561 302 279
5562 302 280
5563 300 279
5564 300 277
5565 301 279
5566 301 280
5568 299 282
5570 300 275
5571 301 277
5572 301 277
5573 297 275
5574 300 275
5575 299 276
5576 300 277
5577 300 277
5578 300 278
5579 300 278
5580 300 278
5583 301 278
5596 299 279
5597 302 280
5598 302 280
5599 302 280
5600 301 279
5603 301 279
5609 301 280
5610 302 280
5611 299 278
5612 302 280
5622 300 278
5631 301 281
5633 302 281
5634 301 281
5635 301 281
5637 302 281
5641 302 280
5643 298 280
5644 298 280
5645 299 280
5646 298 279
5655 302 281
5656 301 282
5657 300 281
5658 299 282
5660 300 281
5661 300 281
5662 299 281
5663 299 281
5664 299 282
5667 299 282
5669 296 280
5670 298 281
5671 299 281
5672 299 280
5673 300 280
5674 300 280
5682 299 279
5684 299 279
5685 299 278
5686 298 278
5687 298 276
5688 298 276
5689 298 276
5690 298 276
5691 296 275
5692 298 277
5695 298 280
5696 295 278
5697 301 276
5699 302 280
5702 296 279
5703 300 278
5705 296 280
5709 300 275
5710 299 276
5711 299 276
5712 299 276
5713 299 276
5714 299 276
5727 300 277
5728 300 277
5729 302 280
5736 302 280
5740 298 280
5746 302 280
5748 299 276
5749 299 276
6159 299 276
6160 299 277
6161 300 277
6162 300 277
6163 300 277
6164 299 276
6165 299 277
6166 300 277
6167 299 276
6168 299 276
6169 299 276
6170 299 276
6171 299 277
6172 299 277
6173 299 277
6174 299 276
6175 299 277
6176 299 278
6177 299 276
6178 299 276
6179 299 277
6180 299 277
6181 299 276
6182 299 276
6183 299 277
6184 299 276
6185 299 276
6186 299 276
6187 299 276
6188 299 276
6189 299 276
6190 299 276
6191 299 276
6192 299 277
6193 299 276
6194 299 277
6195 299 277
6196 299 278
6197 299 278
6198 300 277
6199 300 277
6200 299 278
6201 300 277
6202 300 277
6203 300 277
6204 300 277
6205 299 278
6206 299 276
6207 299 277
6208 299 276
6209 299 276
6210 299 276
6211 299 276
6212 299 276
6213 299 276
6214 299 276
6215 300 277
6216 300 277
6217 300 277
6218 300 277
6219 299 278
6220 299 277
6221 299 277
6222 299 278
6223 299 277
6224 299 278
6225 299 278
6226 299 277
6227 299 277
6228 299 278
6229 299 278
6230 299 278
6236 302 280
6237 302 280
6238 302 280
6239 302 280
6240 311 238
6241 311 238
6242 311 239
6243 311 238
6244 311 239
6245 311 239
6246 311 238
6247 311 238
6248 311 239
6249 311 239
6250 311 239
6251 311 239
6252 311 239
6253 311 238
6254 311 238
6255 311 238
6256 311 239
6257 311 238
6258 311 238
6259 311 239
6260 311 239
6261 311 239
6262 311 238
6263 311 238
6264 311 239
6265 311 239
6266 311 238
6267 311 239
6268 311 238
6269 311 239
6270 311 239
6271 311 238
6272 311 238
6275 311 238
6276 311 238
6277 311 238
6278 311 238
6279 311 238
6280 295 264
6281 295 263
6282 290 259
6283 288 259
6285 282 269
6286 282 267
6287 279 267
6288 278 267
6294 278 271
6295 279 272
6296 280 270
6297 278 270
6298 278 267
6299 278 269
6303 283 265
6304 281 264
6305 280 263
6307 301 273
6311 281 261
6320 302 260
6321 303 260
6322 301 261
6323 302 261
6324 299 261
6325 298 262
6328 298 263
6329 300 262
6330 301 262
6331 303 268
6332 303 268
6335 295 274
6338 290 246
6339 292 246
6341 288 247
6342 296 270
6344 288 247
6347 291 246
6348 291 247
6349 288 248
6350 289 249
6351 289 249
6352 291 249
6353 291 248
6354 288 257
6355 287 258
6356 286 259
6357 285 260
6358 285 261
6359 285 261
6360 285 260
6361 286 258
6362 286 257
6363 286 256
6364 286 256
6366 284 259
6367 283 260
6368 275 280
6369 276 280
6370 277 279
6371 276 279
6372 276 275
6373 276 276
6374 282 279
6375 284 281
6376 278 279
6377 280 278
6378 286 282
6379 293 287
6380 294 288
6383 288 283
6384 295 288
6385 290 284
6386 292 286
6387 277 275
6388 276 277
6389 276 277
6392 283 255
6395 284 254
6396 284 253
6397 285 253
6398 285 254
6399 285 254
6400 285 253
6401 285 254
6402 285 254
6403 286 255
6404 286 255
6405 286 253
6406 286 252
6407 285 252
6408 285 252
6409 284 253
6413 288 261
6414 287 260
6415 287 259
6416 286 258
6417 286 257
6418 285 257
6419 285 256
6420 285 257
6421 284 255
6422 284 255
6423 284 254
6424 285 253
6433 285 258
6434 285 259
6435 285 259
6436 285 260
6437 285 259
6438 285 258
6439 285 258
6440 285 259
6441 286 259
6442 286 257
6443 286 257
6444 286 256
6445 287 256
6446 286 256
6447 287 253
6448 287 254
6449 287 255
6450 285 256
6451 285 256
6452 285 258
6453 285 257
6454 285 256
6455 286 255
6456 283 255
6458 285 253
6459 285 254
6460 286 254
6461 286 254
6462 286 253
6463 286 253
6464 285 253
6465 284 253
6466 283 255
6467 299 254
6468 298 252
6469 296 250
6470 293 249
6472 277 271
6473 276 273
6474 276 273
6477 304 264
6478 304 264
6479 304 263
6480 303 262
6481 302 263
6482 303 263
6483 303 262
6484 302 262
6485 302 263
6486 302 262
6487 303 265
6488 303 265
6490 302 264
6491 302 265
6492 308 248
6493 309 248
6504 273 294
6505 271 294
6506 272 292
6507 270 293
6508 276 287
6509 275 289
6510 277 285
6511 269 293
6513 268 292
6514 275 285
6515 274 287
6516 271 292
6517 274 291
6518 272 291
6519 269 292
6520 270 292
6524 278 280
6525 275 282
6526 270 290
6527 269 290
6529 271 285
6530 269 287
6531 271 287
6532 271 285
6533 274 283
6534 273 285
6535 272 283
6536 273 283
6538 272 287
6540 269 288
6542 273 282
6544 275 279
6545 277 273
6546 276 320
6549 284 294
6550 277 293
6551 275 292
6554 286 296
6555 288 302
6557 273 289
6558 271 289
6559 269 289
6560 268 291
6561 268 291
6562 291 300
6565 291 300
6566 293 288
6567 294 289
6568 295 291
6569 295 291
6570 288 284
6571 294 290
6572 290 286
6573 291 287
6873 288 298
6877 287 301
6878 295 272
6879 303 261
6880 304 235
6881 304 235
6882 303 235
6883 302 235
6884 302 235
6885 301 235
6886 303 235
6887 302 234
6888 302 234
6889 303 235
