0 501 111
1 502 111
2 501 113
4 501 114
16 501 117
19 501 116
20 502 115
21 501 115
24 501 117
26 501 116
27 501 116
28 502 116
29 502 116
30 502 115
31 502 116
32 501 116
33 501 116
34 502 116
35 502 116
36 502 115
37 502 115
40 500 120
41 500 119
42 500 119
43 500 120
44 501 117
49 498 122
50 499 121
51 499 122
52 498 123
53 498 123
54 497 124
56 497 124
57 498 123
59 499 122
63 500 120
64 500 120
65 500 119
72 500 120
74 500 120
79 500 120
80 500 120
81 500 119
82 500 119
83 500 120
85 500 120
92 500 120
95 500 119
96 499 121
97 499 121
98 499 122
99 499 122
100 499 122
101 499 122
106 501 115
107 501 115
108 501 114
109 501 115
111 501 116
117 501 116
118 501 116
119 501 115
120 501 116
137 498 123
138 497 123
141 496 124
142 495 125
150 490 127
188 501 114
189 501 115
190 501 115
216 489 129
217 490 128
227 501 116
228 501 115
229 501 114
231 501 114
235 502 110
236 500 119
239 500 120
240 501 116
241 501 116
242 501 116
243 499 121
244 499 121
258 503 107
275 501 117
277 501 117
278 500 120
283 495 125
285 491 126
286 502 116
287 502 116
288 502 116
289 502 116
290 500 120
296 491 126
307 494 125
308 493 125
310 502 116
311 502 116
312 502 116
314 502 116
315 502 116
317 502 116
318 502 116
320 502 116
324 502 116
325 502 116
327 502 116
333 493 125
335 503 107
340 501 116
342 501 116
343 501 116
345 502 111
349 501 113
351 501 115
352 501 115
353 501 114
354 501 115
355 501 115
356 501 114
384 481 107
410 502 111
417 501 117
418 501 117
419 501 117
420 501 117
429 502 116
433 502 116
435 501 115
436 501 115
442 501 117
455 501 116
461 494 125
874 478 203
875 477 200
878 473 195
879 473 196
880 475 193
881 475 193
906 478 206
908 473 200
909 473 203
910 476 203
911 476 200
913 476 190
945 479 210
947 480 210
948 479 213
949 470 206
950 470 210
951 473 210
952 473 206
953 470 213
954 470 216
955 473 217
956 473 213
963 471 200
964 470 203
965 464 211
966 463 207
968 462 211
991 466 216
992 465 214
993 463 214
994 464 216
995 466 226
996 467 224
998 466 226
1013 472 225
1014 470 225
1015 469 227
1016 471 228
1017 477 226
1018 475 230
1019 476 233
1020 479 229
1025 466 219
1026 465 219
1027 473 219
1028 470 219
1038 466 221
1039 467 222
1041 473 223
1042 470 222
1046 480 230
1047 475 234
1048 474 234
1055 475 234
1056 466 230
1057 468 232
1058 469 230
1059 468 229
1060 463 229
1061 466 227
1063 463 229
1065 463 229
1071 468 240
1073 471 237
1074 461 247
1076 459 249
1077 461 247
1078 464 232
1079 465 234
1086 458 242
1087 461 239
1088 459 237
1089 457 240
1093 459 234
1095 456 241
1096 457 239
1098 466 242
1099 463 244
1102 467 241
1103 464 245
1104 452 246
1105 453 247
1106 455 244
1107 454 243
1108 454 241
1110 453 243
1111 454 241
1112 452 249
1113 452 247
1114 454 245
1115 455 245
1116 455 252
1118 457 248
1119 457 252
1120 454 255
1121 453 254
1122 450 249
1123 450 250
1125 451 246
1126 451 245
1129 448 249
1132 449 251
1133 448 250
1134 449 248
1135 450 251
1136 451 253
1140 467 200
1141 476 210
1142 476 207
1143 476 217
1144 476 213
1145 476 219
1146 474 226
1147 475 224
1148 473 229
1149 471 231
1150 470 233
1151 465 238
1152 468 236
1153 463 236
1154 460 243
1155 463 240
1156 454 249
1157 457 246
1158 452 252
1162 476 195
1163 471 198
1164 471 198
1165 471 198
1166 471 198
1169 465 219
1171 477 225
1172 481 226
1173 482 222
1174 479 220
1176 469 238
1177 466 241
1178 471 238
1181 459 234
1183 459 234
1184 479 214
1185 479 217
1186 482 218
1187 481 216
1200 487 159
1201 487 160
1206 477 188
1207 474 194
1208 473 195
1209 471 198
1210 468 199
1221 467 200
1222 467 200
1223 468 199
1224 474 198
1225 475 196
1226 473 196
1227 472 198
1254 489 152
1274 476 198
1276 476 191
1277 467 200
1278 467 200
1325 486 164
1329 487 158
1330 487 159
1331 490 128
1337 482 176
1348 488 155
1350 490 150
1353 467 200
1354 467 200
1359 467 200
1360 468 200
1365 478 204
1366 478 201
1367 479 207
1368 479 211
1369 473 233
1370 471 236
1371 463 242
1372 462 245
1373 459 247
1374 453 253
1375 456 250
1451 473 196
1452 475 194
1453 466 203
1455 467 210
1456 467 207
1463 479 219
1465 455 239
1466 455 239
1467 456 238
1469 457 237
1473 455 241
1474 453 244
1475 471 198
1480 476 191
1498 471 198
1499 477 198
1501 476 197
1517 468 217
1518 467 213
1519 468 220
1520 468 222
1521 468 224
1522 467 226
1523 467 228
1524 464 230
1525 461 235
1526 462 232
1527 460 234
1528 458 237
1529 453 243
1530 455 239
1531 451 247
1532 449 249
1533 467 200
1769 482 176
1806 478 183
1807 477 185
1905 500 120
1908 501 117
1919 478 189
1920 477 190
1922 479 190
1923 479 188
1924 480 188
1925 480 188
1926 482 190
1927 481 190
1928 480 188
1929 480 189
1930 481 191
1931 479 189
1932 478 189
1933 479 190
1934 480 190
1935 479 193
1936 478 192
1937 477 192
1938 479 193
1956 479 188
1958 477 190
1959 478 191
1970 478 190
1972 477 191
1979 478 193
1981 483 194
1982 483 194
1983 483 193
1984 483 194
1985 483 192
1986 483 193
1987 483 192
1988 483 191
1989 483 194
1990 483 194
1991 482 194
1992 483 194
1993 482 194
1994 482 194
1995 482 195
1996 482 194
2006 483 194
2007 483 194
2008 483 194
2009 482 193
2010 482 194
2011 482 194
2012 482 194
2013 483 194
2014 483 193
2015 482 193
2016 482 193
2017 483 191
2018 481 190
2019 481 191
2020 483 192
2021 483 191
2022 482 192
2023 482 191
2024 482 192
2025 482 194
2032 481 195
2033 480 196
2041 483 194
2042 483 194
2043 483 194
2044 483 194
2045 483 194
2046 483 194
2048 483 194
2049 483 194
2059 480 195
2060 479 195
2066 479 196
2069 482 193
2070 481 192
2071 481 192
2072 481 191
2073 481 191
2075 483 194
2080 482 195
2084 482 195
2085 482 193
2086 482 193
2087 482 195
2088 481 195
2089 481 194
2090 483 194
2091 483 194
2092 483 193
2093 483 193
2095 483 193
2097 483 192
2098 482 192
2099 482 192
2100 481 193
2101 481 194
2102 482 191
2103 481 192
2104 481 193
2105 480 193
2106 478 196
2107 479 196
2108 479 195
2109 482 190
2110 482 190
2111 482 191
2112 480 190
2113 483 193
2114 483 193
2115 483 193
2116 483 193
2117 483 194
2118 483 194
2119 482 195
2121 483 194
2122 483 194
2134 482 195
2140 483 194
2143 482 195
2147 479 194
2148 480 194
2150 481 195
2163 483 194
2174 482 195
2182 479 194
2183 480 194
2184 480 195
2185 479 195
2196 479 196
2201 479 196
2202 479 195
2203 479 196
2206 477 194
2207 479 196
2208 477 194
2209 479 195
2210 480 196
2211 480 196
2221 481 195
2223 481 194
2224 481 194
2225 481 195
2226 481 193
2227 481 192
2228 480 191
2229 480 191
2230 480 191
2231 482 193
2234 479 194
2235 478 191
2236 483 193
2241 477 193
2242 480 191
2243 480 191
2248 482 193
2249 482 193
2250 482 193
2251 482 193
2252 482 193
2253 482 193
2254 483 194
2255 483 194
2257 482 195
2266 483 193
2267 483 193
2268 482 195
2279 478 195
2286 479 192
2287 482 193
2288 482 193
2698 482 193
2699 482 193
2700 483 193
2701 482 193
2702 482 193
2703 482 193
2704 482 193
2705 482 194
2706 482 193
2707 482 193
2708 482 193
2709 482 193
2710 482 193
2711 482 193
2712 482 193
2713 482 193
2714 482 193
2715 482 194
2716 482 193
2717 482 193
2718 482 193
2719 482 193
2720 482 193
2721 482 193
2722 482 193
2723 482 193
2724 482 193
2725 482 193
2726 482 193
2727 482 193
2728 482 193
2729 482 193
2730 482 193
2731 482 193
2732 482 193
2733 482 193
2734 482 193
2735 482 193
2736 482 193
2737 482 193
2738 482 193
2739 482 193
2740 482 193
2741 482 193
2742 482 193
2743 482 193
2744 482 193
2745 482 193
2746 482 193
2747 482 193
2748 482 193
2749 482 193
2750 482 193
2751 482 193
2752 482 193
2753 482 193
2754 482 193
2755 482 193
2756 482 193
2757 482 194
2758 482 193
2759 482 193
2760 482 193
2761 482 193
2762 482 193
2763 482 193
2764 482 193
2765 482 193
2766 482 193
2767 482 193
2768 482 193
2769 482 193
2770 482 195
2774 482 195
2779 501 115
2780 501 115
2781 501 116
2782 501 116
2783 501 115
2784 501 115
2790 501 115
2792 501 116
2793 501 116
2794 501 115
2795 501 115
2796 501 116
2797 501 116
2799 501 115
2800 501 115
2801 501 114
2802 501 115
2805 501 115
2806 501 114
2807 501 115
2810 501 116
2811 501 116
2814 501 115
2815 501 116
2816 501 115
2817 501 115
2818 501 116
2848 487 164
2870 489 152
2871 489 152
2874 478 187
3042 489 154
3045 495 124
3046 497 124
3049 493 124
3050 492 125
3052 499 122
3053 502 116
3055 501 117
3058 494 124
3068 490 128
3070 500 120
3072 501 117
3077 489 151
3079 488 158
3125 479 217
3127 468 199
3131 473 196
3132 475 194
3134 476 194
3135 471 198
3146 475 191
3147 475 192
3148 475 193
3149 474 194
3152 479 183
3160 479 182
3161 498 123
3162 496 124
3174 449 254
3175 447 252
3176 447 255
3177 448 255
3180 446 252
3181 446 251
3182 444 254
3183 444 253
3184 447 252
3185 445 256
3186 447 253
3187 448 254
3188 447 256
3189 450 256
3190 449 258
3191 451 257
3192 450 255
3193 450 258
3195 444 252
3196 445 254
3197 447 251
3198 445 258
3199 446 259
3200 441 253
3201 443 256
3202 441 256
3203 441 255
3204 444 258
3205 442 257
3206 444 255
3207 445 259
3208 447 260
3209 447 260
3210 444 256
3216 452 275
3217 452 275
3218 452 275
3229 450 275
3230 450 275
3232 452 275
3233 452 275
3234 452 275
3235 452 275
3236 452 275
3237 452 275
3238 452 275
3242 452 275
3244 452 275
3245 452 275
3247 452 275
3248 452 275
3253 451 276
3255 450 275
3256 452 275
3258 452 275
3261 451 276
3269 450 275
3271 450 275
3272 450 275
3274 450 275
3276 450 275
3278 450 275
3282 447 274
3289 447 274
3293 452 275
3294 451 275
3295 452 275
3296 451 276
3297 451 275
3299 452 275
3301 451 276
3302 452 275
3303 451 274
3304 450 274
3308 450 275
3309 450 275
3312 450 275
3319 450 258
3320 451 256
3321 451 257
3322 450 260
3323 450 260
3324 449 261
3325 449 263
3326 448 262
3327 443 260
3328 442 259
3329 441 258
3330 440 258
3331 440 256
3332 447 262
3333 449 263
3334 449 265
3335 448 265
3340 450 273
3342 449 272
3343 449 270
3349 444 271
3350 450 274
3351 449 272
3352 449 274
3353 448 273
3354 449 275
3355 447 273
3359 446 273
3360 447 274
3365 449 268
3366 448 268
3367 447 268
3380 442 262
3381 440 260
3391 439 259
3396 440 261
3397 448 270
3398 447 270
3399 448 266
3400 449 267
3401 448 266
3402 447 267
3403 445 268
3404 444 266
3406 446 271
3407 444 269
3408 444 266
3409 442 264
3410 442 265
3411 441 262
3412 441 262
3413 441 262
3414 441 261
3415 443 261
3416 441 260
3417 444 262
3418 445 264
3427 439 259
3428 440 261
3429 441 262
3430 442 265
3431 441 263
3432 445 261
3433 444 260
3434 443 259
3436 442 258
3437 445 271
3438 444 271
3444 444 269
3449 442 265
3450 441 264
3451 441 264
3452 441 264
3456 441 263
3460 439 259
3469 445 262
3472 473 235
3474 473 236
3500 484 173
3501 484 173
3504 484 171
3507 480 179
3509 485 170
3510 476 188
3511 487 162
3512 501 104
3513 500 103
3514 500 105
3515 501 105
3516 501 106
3517 502 106
3518 499 104
3519 499 104
3520 497 107
3521 497 107
3522 496 106
3523 496 107
3524 496 110
3525 495 111
3526 496 112
3527 497 111
3528 500 113
3529 500 112
3530 500 112
3531 500 113
3532 501 112
3534 501 112
3535 501 112
3536 501 114
3537 500 114
3538 501 114
3539 501 112
3541 502 115
3544 501 114
3545 501 115
3546 501 115
3547 501 114
3551 502 115
3552 499 114
3553 499 114
3554 500 114
3555 500 113
3556 501 115
3557 500 116
3558 501 117
3559 501 116
3560 500 116
3561 497 115
3562 497 115
3563 498 116
3564 499 115
3565 498 117
3566 496 117
3567 496 119
3568 498 119
3569 498 118
3570 497 118
3571 499 119
3572 499 120
3573 499 121
3574 500 120
3575 500 117
3576 500 116
3577 500 116
3578 500 116
3579 500 116
3580 500 116
3581 500 116
3582 499 116
3583 500 116
3584 500 116
3585 500 117
3586 500 117
3589 501 117
3591 500 116
3592 500 116
3593 500 115
3594 500 116
3595 500 115
3596 499 115
3597 499 116
3598 499 116
3599 499 116
3600 499 116
3601 499 117
3602 500 117
3603 499 117
3604 499 117
3605 499 118
3606 500 118
3607 500 115
3608 499 116
3609 499 115
3610 499 116
3611 499 117
3612 499 119
3613 499 117
3614 497 120
3615 497 121
3616 501 106
3617 502 107
3618 500 107
3619 501 107
3620 501 107
3621 500 107
3622 498 107
3623 498 107
3624 500 108
3625 500 108
3626 500 109
3627 500 109
3628 500 109
3629 500 109
3630 500 109
3631 500 109
3632 500 109
3633 500 109
3634 501 107
3635 501 107
3636 501 110
3637 501 110
3638 501 111
3639 501 111
3640 502 110
3641 501 111
3642 500 110
3643 501 111
3644 502 101
3645 501 101
3646 503 104
3647 499 101
3648 497 101
3649 494 113
3650 496 115
3651 497 114
3652 494 114
3653 495 116
3654 495 119
3655 495 117
3656 492 113
3657 491 114
3658 493 116
3659 490 112
3660 489 113
3661 489 115
3662 490 121
3663 488 119
3664 488 120
3665 489 122
3666 493 111
3667 495 105
3668 495 106
3669 497 106
3670 495 97
3671 494 99
3672 496 100
3673 498 99
3674 497 97
3675 497 97
3676 499 99
3678 492 99
3679 493 97
3680 490 98
3681 490 99
3683 490 97
3684 487 113
3685 487 114
3686 487 117
3687 489 118
3689 494 97
3690 484 103
3691 485 104
3692 486 102
3693 485 101
3694 483 103
3696 482 110
3698 481 113
3699 482 112
3700 500 106
3701 499 105
3702 500 106
3703 500 106
3704 498 105
3705 498 105
3706 494 101
3707 493 100
3708 489 100
3709 491 100
3710 486 104
3711 487 103
3712 486 112
3713 483 112
3714 484 114
3715 485 114
3716 481 115
3717 482 114
3718 484 118
3719 483 118
3720 482 119
3721 484 119
3723 482 118
3726 491 125
3727 490 124
3728 489 125
3729 490 126
3730 483 120
3732 483 110
3733 484 109
3735 483 116
3736 482 116
3738 481 113
3739 501 112
3740 500 110
3741 501 111
3742 500 110
3743 500 110
3744 503 107
3745 502 106
3746 502 108
3748 499 111
3749 499 112
3750 500 112
3751 500 110
3752 500 107
3753 500 107
3754 500 107
3755 499 114
3756 498 113
3757 494 108
3758 498 106
3766 481 104
3767 481 112
3771 503 105
3772 495 102
3773 497 108
3774 498 109
3775 499 108
3776 499 108
3777 496 109
3778 494 110
3779 492 110
3780 491 111
3781 487 99
3782 488 100
3783 487 99
3785 488 101
3786 487 100
3787 501 116
3788 501 115
3789 500 115
3790 500 118
3791 500 119
3792 500 119
3793 500 119
3794 495 122
3795 495 121
3796 491 124
3797 491 122
3798 502 115
3800 502 115
3801 502 115
3802 500 116
3803 501 117
3804 501 117
3805 501 117
3806 501 117
3807 492 119
3808 491 120
3809 486 119
3810 486 118
3811 485 116
3812 481 117
3816 493 121
3817 492 122
3818 493 123
3819 494 123
3820 502 115
3821 502 115
3822 502 116
3823 502 115
3824 502 115
3825 502 115
3826 502 115
3828 502 115
3829 502 115
3831 502 115
3832 502 115
3833 502 115
3836 502 115
3837 502 115
3839 492 124
3840 493 124
3841 500 116
3842 502 108
3843 500 109
3844 500 111
3845 500 110
3846 500 110
3847 500 111
3848 502 109
3849 502 110
3850 502 111
3851 502 111
3852 501 111
3853 501 111
3854 502 111
3855 500 107
3856 500 107
3857 501 111
3858 501 111
3859 500 110
3860 501 111
3861 500 110
3862 499 106
3863 500 108
3864 486 111
3865 485 108
3866 488 111
3867 488 111
3868 488 112
3869 489 112
3870 488 103
3871 488 103
3872 489 102
3873 488 103
3874 489 102
3875 489 103
3876 490 103
3877 490 102
3878 491 102
3879 492 101
3880 490 101
3881 495 105
3882 494 103
3883 492 104
3884 492 107
3885 490 110
3886 490 111
3887 487 111
3888 482 106
3889 483 106
3890 484 106
3891 485 106
3892 481 106
3894 493 107
3895 492 108
3896 482 108
3897 482 109
3898 483 107
3899 485 107
3900 481 108
3903 489 109
3904 489 110
3905 489 110
3906 490 109
3907 491 109
3908 492 109
3910 499 122
3911 500 120
3912 501 116
3913 501 117
3914 501 117
3915 502 116
3916 502 109
3922 502 116
3923 501 116
3924 502 115
3925 501 117
3926 502 115
3927 502 115
3928 502 116
3929 502 116
3930 500 110
3931 500 109
3932 502 115
3933 502 115
3934 488 123
3935 487 122
3936 501 117
3937 501 117
3938 491 107
3939 491 104
3940 490 105
3941 490 108
3942 491 126
3943 485 121
3945 500 108
3946 500 108
3947 501 110
3948 500 118
3949 501 117
3950 494 124
3951 502 115
3952 488 103
3953 488 104
3954 489 104
3955 489 104
3956 490 103
3957 490 103
3958 490 103
3959 489 104
3960 490 104
3961 490 105
3962 490 103
3963 490 103
3964 489 103
3965 490 102
3966 489 103
3967 489 103
3968 488 103
3969 489 103
3970 487 103
3971 488 104
3972 490 109
3973 489 109
3974 487 104
3975 487 104
3976 486 105
3977 487 105
3978 486 106
3979 486 106
3980 486 107
3981 486 107
3982 486 108
3983 487 107
3984 488 104
3985 488 103
3986 487 103
3987 489 103
3988 487 105
3989 487 106
3990 487 105
3991 487 105
3992 490 108
3993 490 108
3994 490 109
3995 489 109
3996 490 108
3997 489 109
3998 490 108
3999 490 108
4000 490 108
4001 490 108
4002 489 109
4003 490 108
4004 490 108
4005 490 108
4006 486 108
4007 486 107
4008 487 109
4009 487 109
4010 489 110
4011 488 110
4012 487 104
4013 486 105
4014 488 110
4015 486 106
4016 487 107
4017 487 108
4018 487 106
4019 490 108
4020 489 109
4021 488 109
4022 489 109
4023 487 108
4024 487 107
4025 487 107
4026 486 107
4027 490 108
4028 490 108
4029 486 107
4030 486 106
4031 490 108
4032 487 106
4033 487 106
4034 487 105
4035 487 106
4036 487 106
4037 487 106
4038 487 106
4039 487 105
4040 487 105
4041 487 105
4042 487 105
4043 487 104
4044 487 104
4045 488 104
4046 487 104
4047 488 104
4048 487 104
4049 488 104
4050 489 103
4051 489 103
4052 488 103
4053 488 103
4054 489 103
4055 489 103
4056 488 104
4057 488 104
4058 489 128
4059 489 129
4060 489 128
4061 489 127
4062 488 104
4063 488 104
4064 488 103
4065 487 104
4066 488 104
4067 487 104
4068 487 105
4069 490 108
4070 490 108
4071 487 106
4072 486 125
4073 486 126
4074 485 123
4075 485 124
4076 487 128
4077 485 125
4078 487 128
4079 488 130
4080 488 130
4081 488 131
4085 488 132
4086 488 144
4087 488 147
4088 488 147
4089 489 145
4090 485 130
4091 484 128
4092 483 129
4093 484 130
4098 483 139
4099 484 141
4100 485 140
4101 485 139
4102 481 151
4103 480 153
4104 482 155
4105 482 153
4110 488 134
4111 488 135
4112 488 132
4113 488 133
4118 469 158
4119 466 157
4120 466 159
4121 468 160
4122 478 124
4123 479 122
4124 477 121
4125 476 122
4126 484 133
4127 485 133
4128 485 132
4129 484 132
4136 486 133
4137 487 135
4138 487 132
4139 486 132
4140 487 148
4141 488 148
4142 471 161
4143 473 163
4144 473 161
4145 471 160
4146 485 152
4147 486 150
4148 485 149
4149 484 151
4150 475 165
4151 477 166
4152 478 164
4153 475 163
4154 488 131
4156 487 143
4157 486 145
4158 487 146
4159 487 144
4160 481 135
4161 483 131
4162 482 129
4163 481 128
4164 465 161
4165 467 161
4166 474 167
4167 476 168
4172 489 148
4173 490 146
4174 489 147
4175 489 150
4176 485 147
4177 483 148
4178 486 148
4179 489 149
4180 488 153
4186 488 130
4188 488 130
4189 487 128
4190 487 127
4191 483 133
4192 483 134
4193 473 165
4199 483 121
4208 463 158
4209 464 157
4256 460 148
4264 465 133
4276 473 136
4277 474 134
4284 459 159
4285 461 158
4286 462 157
4287 460 156
4288 463 160
4289 460 159
4290 460 159
4295 458 171
4296 458 173
4297 460 173
4298 462 171
4303 462 169
4304 460 168
4307 483 121
4308 484 121
4309 485 123
4310 462 175
4311 464 172
4316 461 162
4317 465 162
4318 447 185
4320 447 188
4321 447 187
4325 447 188
4327 449 175
4330 458 162
4331 460 162
4332 467 162
4333 457 191
4334 453 188
4335 451 193
4336 454 195
4338 447 188
4339 447 189
4341 479 170
4342 476 170
4343 477 172
4344 482 174
4345 481 173
4346 480 175
4347 480 177
4348 476 187
4349 476 188
4350 477 185
4351 476 184
4352 467 174
4353 469 176
4354 470 174
4355 468 172
4358 458 197
4359 460 194
4360 462 200
4361 464 202
4362 466 198
4363 464 197
4364 470 198
4365 473 193
4366 472 195
4367 469 198
4372 457 162
4373 456 164
4374 456 163
4375 459 158
4376 457 159
4383 446 193
4387 446 195
4388 447 195
4389 448 191
4390 449 196
4391 453 199
4392 460 204
4393 462 205
4398 473 186
4399 472 182
4400 471 185
4401 471 189
4402 482 172
4403 482 171
4404 480 171
4405 481 169
4406 479 168
4407 485 162
4408 484 161
4409 483 163
4410 484 165
4411 486 159
4412 485 158
4413 487 154
4414 487 151
4415 486 153
4418 466 177
4423 465 170
4424 470 163
4425 469 165
4428 490 144
4429 489 145
4430 450 188
4431 458 207
4432 457 211
4434 460 209
4443 456 201
4444 449 206
4445 453 208
4446 454 205
4447 451 202
4456 444 202
4457 446 199
4459 448 201
4460 447 204
4461 447 212
4462 450 214
4463 451 211
4464 448 209
4465 444 210
4466 445 207
4467 443 206
4468 442 209
4469 442 206
4476 442 207
4489 438 217
4492 436 219
4493 437 219
4494 438 217
4495 438 221
4496 440 218
4497 443 220
4498 442 222
4504 449 224
4505 448 225
4507 443 213
4508 445 215
4510 441 211
4516 452 218
4517 448 216
4518 447 220
4519 441 216
4520 440 214
4521 439 214
4522 439 214
4529 447 226
4530 448 224
4531 445 222
4532 445 224
4537 434 222
4538 435 222
4539 438 224
4540 441 225
4541 444 227
4551 432 225
4553 434 225
4554 434 222
4555 433 225
4556 438 227
4557 440 232
4558 440 228
4559 437 230
4561 436 241
4562 435 245
4563 436 246
4568 432 232
4569 434 229
4570 431 227
4571 431 231
4576 430 232
4580 431 239
4581 432 235
4582 429 235
4583 429 240
4584 439 235
4585 436 233
4586 435 237
4587 437 238
4598 429 248
4599 430 243
4600 428 243
4601 428 247
4602 433 249
4603 433 244
4604 431 249
4605 433 253
4606 433 253
4607 435 250
4611 426 251
4614 426 247
4615 426 247
4617 426 250
4618 427 250
4619 427 246
4620 426 250
4621 428 252
4622 431 253
4640 437 242
4642 436 247
4644 434 254
4645 469 197
4646 468 198
4647 470 196
4648 470 194
4649 467 200
4650 469 199
4651 468 199
4652 467 200
4653 443 217
4658 452 220
4669 431 228
4672 454 219
4673 455 217
4674 463 154
4675 461 154
4676 483 144
4678 482 147
4679 484 145
4681 482 142
4682 482 140
4686 487 156
4687 487 158
4688 487 156
4689 479 173
4690 474 182
4691 474 187
4692 476 183
4693 473 194
4704 467 200
4705 466 200
4707 466 200
4709 466 200
4711 459 187
4712 455 184
4720 483 121
4722 481 119
4730 448 178
4734 458 156
4736 462 140
4737 490 148
4738 490 143
4739 490 143
4740 490 148
4741 463 139
4745 452 183
4746 448 185
4748 463 149
4749 463 151
4750 466 152
4757 467 199
4758 472 192
4759 472 191
4760 467 200
4761 484 121
4762 486 123
4771 485 130
4772 486 130
4773 485 128
4774 485 128
4775 487 130
4776 488 131
4777 487 128
4778 486 128
4779 485 124
4780 487 127
4781 488 129
4787 487 125
4788 488 126
4789 488 130
4790 470 134
4791 471 133
4794 468 134
4795 467 135
4796 484 123
4797 482 120
4798 483 121
4799 487 124
4800 489 125
4801 459 181
4802 462 183
4803 472 158
4804 469 157
4805 486 164
4806 485 165
4807 490 127
4808 483 169
4809 483 171
4810 484 169
4811 483 167
4812 483 173
4813 482 174
4814 475 190
4816 478 129
4817 479 129
4818 477 127
4819 476 128
4820 481 167
4821 480 166
4822 481 135
4824 488 155
4825 490 144
4826 490 141
4828 490 142
4829 467 200
4830 466 129
4839 465 202
4844 439 239
4846 436 247
4847 435 251
4849 465 137
4850 466 135
4864 463 140
4872 474 125
4873 474 127
4874 481 128
4875 481 129
4876 481 128
4877 481 128
4878 475 131
4879 476 130
4880 473 129
4881 472 130
4888 479 130
4889 479 133
4893 485 144
4894 486 142
4897 484 143
4898 485 142
4899 484 154
4900 488 130
4901 477 130
4911 466 128
4912 468 128
4913 468 126
4914 467 126
4915 470 126
4916 469 128
4917 471 127
4918 472 125
4919 455 176
4920 459 176
4921 471 167
4922 474 168
4923 473 179
4924 470 197
4925 468 199
4927 461 177
4931 444 202
4932 445 198
4936 453 217
4937 429 236
4940 428 239
4941 429 234
4943 433 240
4944 427 243
4945 427 243
4946 428 239
4947 427 243
4949 463 190
4950 464 187
4951 470 188
4952 471 191
4953 479 162
4954 476 161
4955 478 156
4956 476 155
4957 475 157
4958 477 158
4959 471 152
4960 468 151
4961 468 153
4962 471 154
4963 467 155
4964 465 155
4965 459 151
4966 460 151
4967 460 148
4969 474 189
4970 467 200
4971 466 200
4972 468 195
4973 466 193
4977 468 129
4978 470 129
4980 478 125
4981 479 127
4982 479 126
4983 471 179
4984 468 178
4985 470 181
4987 471 194
5006 484 123
5009 479 134
5013 480 129
5015 467 144
5016 466 145
5017 467 144
5018 468 142
5019 467 141
5020 469 141
5025 472 139
5028 470 139
5037 465 144
5038 464 145
5039 465 145
5040 466 143
5041 467 139
5043 469 138
5044 465 139
5045 463 143
5046 463 145
5047 471 139
5050 469 139
5052 473 149
5053 473 149
5058 468 146
5059 468 145
5060 468 145
5061 468 148
5066 464 142
5067 466 142
5068 466 147
5069 466 147
5070 466 147
5071 466 148
5073 467 150
5074 467 150
5080 470 150
5082 463 142
5083 462 143
5084 463 143
5085 463 142
5086 463 144
5087 462 145
5091 462 145
5093 466 150
5094 466 150
5098 469 150
5108 468 137
5110 463 141
5111 463 141
5112 464 149
5119 463 141
5120 462 142
5121 462 142
5122 463 141
5123 462 143
5124 462 143
5125 462 142
5127 464 149
5128 463 148
5130 466 150
5132 462 142
5135 462 144
5148 470 137
5149 465 137
5150 463 141
5151 464 139
5154 468 150
5155 468 150
5157 468 148
5160 468 140
5161 467 140
5162 470 141
5163 462 142
5164 463 142
5165 462 146
5168 464 149
5169 464 149
5170 463 148
5172 463 148
5173 463 148
5178 462 142
5180 462 142
5182 462 143
5183 462 143
5185 471 138
5191 469 150
5199 465 149
5208 462 144
5209 462 142
5210 469 144
5211 466 140
5212 467 138
5221 463 145
5224 482 149
5231 487 103
5232 486 104
5233 488 102
5234 483 172
5235 487 105
5236 486 106
5237 487 105
5238 487 104
5239 488 104
5240 489 101
5241 486 105
5242 485 106
5243 489 102
5247 454 168
5249 454 169
5250 457 169
5251 458 167
5252 456 167
5253 461 165
5254 459 165
5255 461 166
5256 463 167
5257 464 165
5258 465 168
5259 466 166
5260 468 170
5261 470 172
5262 472 176
5263 474 176
5264 472 174
5265 477 180
5266 475 178
5267 478 183
5268 478 182
5269 486 126
5290 474 121
5291 471 121
5292 471 123
5293 473 122
5297 464 134
5303 480 129
5304 481 128
5305 480 125
5311 469 123
5318 466 128
5321 475 123
5322 477 119
5323 480 121
5324 481 119
5331 480 134
5332 480 129
5333 482 124
5334 483 123
5335 473 123
5336 470 124
5343 468 124
5344 467 126
5354 483 122
5355 484 126
5356 485 125
5357 483 126
5358 483 126
5359 482 127
5360 485 125
5365 463 137
5366 500 119
5367 500 119
5368 501 117
5369 501 117
5370 463 148
5371 463 148
5372 464 148
5373 465 147
5374 464 147
5375 463 142
5376 464 141
5380 471 143
5383 473 139
5400 473 148
5401 474 149
5403 474 148
5404 475 148
5405 474 147
5406 473 147
5407 469 142
5408 471 142
5409 471 141
5421 471 144
5422 472 145
5423 473 146
5424 472 144
5426 471 146
5427 470 145
5428 472 147
5429 471 148
5430 472 144
5431 472 142
5432 470 143
5435 474 149
5437 471 149
5438 473 149
5439 472 149
5441 470 148
5442 479 139
5443 479 138
5444 478 138
5445 478 138
5447 477 135
5448 477 135
5449 478 135
5450 477 138
5451 477 138
5452 477 138
5453 477 138
5454 477 138
5455 476 139
5456 475 139
5457 476 139
5458 477 142
5459 478 142
5460 478 142
5461 477 141
5462 479 144
5463 478 143
5464 478 144
5465 479 144
5466 480 141
5469 479 140
5470 476 138
5471 475 139
5472 476 138
5473 476 138
5475 481 143
5478 479 138
5481 475 137
5482 479 136
5483 475 137
5484 476 136
5485 476 136
5493 479 147
5494 479 148
5495 480 147
5496 481 146
5497 480 146
5502 477 138
5503 478 139
5504 478 139
5505 478 139
5506 477 138
5507 477 139
5508 479 141
5509 479 141
5510 479 140
5511 479 140
5512 480 142
5513 480 141
5514 480 142
5515 480 142
5521 480 147
5522 481 145
5523 481 145
5524 481 145
5525 480 144
5526 479 147
5527 478 147
5530 475 137
5531 475 137
5532 475 137
5533 475 137
5534 475 137
5535 478 140
5536 479 140
5537 480 141
5540 481 143
5541 481 143
5542 481 144
5544 481 144
5545 481 144
5546 475 138
5547 475 139
5550 481 145
5552 480 141
5555 479 138
5557 479 137
5561 481 143
5562 480 145
5565 480 144
5566 480 145
5567 476 148
5573 473 138
5574 477 135
5575 476 137
5576 477 137
5577 477 137
5578 476 139
5579 477 138
5580 477 138
5583 478 139
5596 476 140
5597 480 141
5598 479 141
5599 480 141
5600 478 140
5603 479 140
5604 481 145
5609 480 146
5610 480 141
5611 476 139
5612 480 142
5622 477 139
5631 479 144
5632 480 145
5633 480 144
5634 479 144
5635 479 144
5637 480 145
5641 480 142
5643 475 143
5644 475 144
5645 476 144
5646 474 142
5653 480 145
5655 480 144
5656 479 146
5657 478 145
5658 477 146
5660 478 143
5661 477 145
5662 477 146
5663 476 146
5664 477 147
5667 476 147
5668 475 147
5669 473 146
5670 476 146
5671 477 144
5672 476 143
5673 477 142
5674 477 142
5682 476 140
5684 475 141
5685 475 139
5686 475 139
5687 475 138
5688 474 138
5689 475 137
5690 475 137
5691 473 139
5692 474 138
5695 475 144
5696 472 143
5697 478 136
5699 480 141
5702 473 145
5705 473 146
5709 477 135
5710 476 137
5711 475 137
5712 475 137
5713 475 137
5714 475 137
5717 481 145
5727 477 138
5728 476 138
5729 479 141
5736 480 141
5739 481 144
5740 475 144
5746 480 141
5748 475 137
5749 475 137
6159 475 137
6160 475 138
6161 477 137
6162 476 138
6163 477 137
6164 475 137
6165 476 137
6166 476 138
6167 475 137
6168 475 137
6169 475 137
6170 475 137
6171 475 138
6172 476 137
6173 476 137
6174 475 137
6175 475 138
6176 476 138
6177 475 137
6178 475 137
6179 475 138
6180 475 138
6181 475 137
6182 475 137
6183 475 138
6184 475 137
6185 475 137
6186 475 137
6187 475 137
6188 475 137
6189 475 137
6190 475 137
6191 475 137
6192 475 138
6193 475 137
6194 476 137
6195 476 137
6196 476 138
6197 476 138
6198 476 138
6199 476 138
6200 476 138
6201 476 138
6202 476 138
6203 476 138
6204 476 138
6205 476 138
6206 475 137
6207 475 138
6208 475 137
6209 475 137
6210 475 137
6211 475 137
6212 475 137
6213 475 137
6214 475 137
6215 476 138
6216 476 138
6217 476 138
6218 476 138
6219 476 138
6220 475 138
6221 475 138
6222 476 138
6223 475 138
6224 476 138
6225 476 138
6226 475 138
6227 475 138
6228 476 138
6229 476 138
6230 476 138
6231 481 144
6233 481 144
6236 480 142
6237 480 142
6238 480 142
6239 480 142
6240 500 108
6241 500 107
6242 500 109
6243 500 107
6244 500 109
6245 500 109
6246 501 109
6247 501 109
6248 500 110
6249 500 110
6250 500 110
6251 500 110
6252 500 110
6253 500 107
6254 500 107
6255 500 107
6256 500 109
6257 500 107
6258 500 107
6259 500 110
6260 500 109
6261 500 109
6262 501 109
6263 501 109
6264 500 110
6265 500 110
6266 500 108
6267 500 110
6268 500 107
6269 500 110
6270 500 110
6271 500 107
6272 500 107
6275 500 108
6276 500 107
6277 500 107
6278 500 107
6279 500 107
6282 469 131
6283 467 132
6284 482 165
6285 461 152
6286 462 149
6287 459 153
6289 473 156
6290 474 153
6291 480 160
6292 480 158
6293 474 159
6295 459 156
6296 459 154
6298 459 154
6300 472 150
6304 461 146
6306 483 156
6307 485 155
6308 475 151
6309 486 160
6319 489 137
6320 486 135
6321 488 135
6322 484 135
6323 486 135
6324 483 136
6328 481 139
6329 483 138
6330 485 137
6331 489 151
6334 469 150
6342 478 150
6354 467 130
6355 466 132
6356 465 133
6357 464 135
6358 464 137
6359 464 137
6360 464 137
6370 456 165
6374 461 163
6375 464 164
6376 457 164
6377 459 163
6378 466 165
6379 475 172
6380 477 174
6381 479 177
6382 480 178
6383 469 166
6384 478 175
6385 471 168
6386 474 170
6387 456 163
6389 456 164
6395 464 134
6405 466 128
6433 464 135
6434 464 135
6435 464 136
6436 464 136
6437 464 136
6441 465 133
6442 465 132
6445 466 130
6446 466 130
6448 466 128
6449 466 129
6451 465 132
6454 465 132
6467 481 125
6468 480 122
6469 477 120
6470 474 120
6477 489 140
6478 490 141
6479 490 140
6480 488 139
6481 487 139
6482 488 140
6483 488 138
6484 487 137
6485 486 139
6486 486 137
6487 488 142
6488 489 143
6489 490 143
6490 486 141
6491 487 142
6492 496 123
6493 498 123
6498 490 148
6504 450 182
6505 448 183
6506 450 180
6507 448 182
6508 455 174
6509 453 176
6510 456 170
6511 447 184
6514 453 171
6515 452 174
6516 449 180
6517 451 178
6518 450 179
6519 447 182
6520 448 181
6524 457 166
6525 453 169
6526 448 179
6527 447 180
6530 448 177
6531 449 175
6532 450 173
6533 452 170
6534 451 172
6538 450 175
6539 447 180
6543 454 168
6546 454 215
6549 463 180
6550 456 180
6551 453 179
6552 469 198
6554 466 183
6555 469 192
6556 466 200
6557 451 177
6558 449 177
6559 448 178
6562 474 192
6563 475 191
6564 475 191
6565 474 193
6566 475 174
6567 476 176
6568 478 179
6569 479 180
6570 469 168
6571 477 177
6572 471 170
6573 473 172
6582 425 257
6584 426 254
6585 426 257
6586 427 257
6587 428 255
6588 427 254
6589 430 256
6590 429 257
6591 432 256
6600 425 261
6602 423 260
6604 425 260
6605 425 257
6606 424 260
6607 426 260
6608 429 260
6611 442 267
6612 443 267
6613 443 267
6614 442 267
6619 443 267
6620 443 267
6621 443 267
6622 443 267
6623 439 267
6624 438 267
6625 438 267
6626 438 267
6627 441 267
6628 440 267
6629 440 267
6630 440 267
6634 444 267
6635 444 268
6638 444 268
6639 443 268
6640 443 268
6641 443 267
6643 442 267
6644 443 267
6645 443 267
6649 443 267
6651 443 267
6652 443 268
6653 442 267
6654 443 267
6655 441 266
6656 441 267
6657 442 267
6659 443 267
6660 442 267
6661 441 267
6662 442 267
6663 441 267
6664 441 267
6665 440 267
6666 441 267
6667 439 267
6668 439 267
6669 439 267
6670 439 267
6671 440 267
6672 440 267
6673 440 267
6674 440 267
6675 439 267
6676 440 267
6677 439 267
6678 438 267
6679 437 266
6680 437 267
6681 437 267
6682 438 267
6683 438 267
6684 437 267
6685 438 267
6686 438 267
6687 437 267
6688 438 267
6689 437 267
6690 437 267
6691 444 267
6694 443 268
6696 442 269
6697 442 269
6698 443 268
6699 443 267
6700 442 267
6701 441 268
6702 443 267
6703 441 266
6704 439 266
6705 442 267
6706 441 267
6707 439 268
6708 440 267
6709 440 267
6710 438 267
6711 437 267
6712 440 267
6713 438 266
6714 438 267
6715 435 266
6716 436 267
6717 438 267
6718 436 266
6719 434 256
6720 435 260
6721 434 255
6722 431 258
6723 433 256
6725 430 260
6727 425 263
6728 426 262
6729 424 262
6730 422 263
6731 423 262
6735 431 261
6736 442 267
6739 441 266
6740 439 265
6742 437 264
6743 438 265
6744 434 264
6745 436 265
6746 433 265
6747 435 266
6748 432 266
6749 434 267
6750 442 268
6751 440 269
6754 440 269
6755 438 269
6756 432 267
6757 434 268
6758 438 269
6760 437 268
6762 435 268
6763 433 268
6765 438 263
6766 436 263
6767 433 263
6768 431 265
6769 430 266
6770 430 263
6771 429 265
6773 427 266
6774 427 266
6775 424 265
6776 424 265
6777 426 266
6778 425 265
6779 427 264
6780 425 264
6781 424 264
6783 424 265
6789 425 266
6799 433 261
6800 437 261
6819 430 267
6821 427 266
6822 426 266
6823 424 265
6824 424 265
6839 433 268
6851 427 266
6852 427 266
6853 426 266
6854 426 266
6857 426 266
6858 425 266
6859 425 266
6864 426 266
6865 426 266
6866 425 266
6867 426 266
6868 426 266
6869 429 262
6872 444 228
6873 468 186
6874 480 164
6875 482 159
6876 482 161
6877 467 189
6878 477 152
6879 488 136
6880 489 104
6881 489 105
6882 489 105
6883 488 105
6884 487 106
6885 486 106
6886 488 105
6887 487 104
6888 488 104
6889 489 105
