2 167 166
3 167 164
4 167 169
6 168 167
7 169 166
8 171 173
9 172 174
10 171 171
11 170 171
12 172 178
13 173 180
14 174 181
15 176 180
17 171 180
18 170 178
29 170 180
32 170 180
33 170 180
34 170 181
35 170 181
41 171 181
42 171 182
43 172 183
49 173 185
51 173 186
52 174 186
53 174 187
54 175 187
55 177 190
56 176 189
58 175 190
62 175 191
89 173 187
94 173 187
98 173 186
99 173 187
100 174 188
102 177 194
103 177 193
104 167 170
105 167 169
107 167 170
108 167 170
110 169 172
111 168 172
113 170 173
116 169 173
123 168 172
124 168 172
132 165 159
134 166 159
135 167 161
136 169 163
137 174 183
138 175 184
139 176 183
140 179 185
141 177 186
142 180 191
143 178 188
144 180 186
145 182 184
146 180 183
147 183 181
148 185 185
149 187 181
150 188 192
151 190 194
152 191 192
153 189 190
154 178 181
155 173 169
156 171 170
157 174 172
158 172 156
159 169 158
160 170 160
161 173 159
163 167 155
164 168 156
165 170 153
166 175 158
167 179 157
168 180 154
169 175 155
170 181 152
171 175 151
172 189 183
173 188 179
174 187 188
175 190 186
176 183 150
178 192 162
179 189 159
180 186 161
181 189 164
182 195 160
183 191 156
184 197 173
185 198 176
186 201 176
187 200 173
188 167 169
189 167 170
190 167 170
191 168 169
192 169 168
193 170 167
194 173 163
195 174 161
196 180 160
197 177 160
198 185 163
199 188 165
200 191 178
201 193 181
202 196 181
203 196 176
204 202 180
205 198 181
206 195 188
207 197 190
208 200 188
209 198 187
210 203 188
211 205 189
212 204 187
213 201 186
214 189 196
215 190 198
216 191 198
217 189 195
218 198 191
219 201 190
220 194 173
221 192 173
223 200 184
224 197 184
225 204 180
226 203 176
232 167 168
234 167 169
236 170 178
237 170 178
238 170 179
239 171 181
240 168 172
241 168 171
242 168 172
243 172 183
244 172 182
245 175 175
246 169 170
249 186 148
251 194 155
252 199 160
253 200 159
254 198 154
255 202 173
256 207 189
257 206 187
260 170 165
261 171 175
262 170 173
264 170 177
265 172 176
266 176 177
267 179 178
268 182 180
269 183 158
270 185 156
271 187 153
272 190 152
273 183 160
274 192 149
276 171 182
277 171 182
282 181 194
283 181 193
284 188 195
285 188 193
288 170 180
289 170 180
295 182 189
296 186 191
297 193 191
298 192 189
299 193 185
300 202 183
301 204 183
302 208 183
303 207 180
304 206 180
305 206 183
306 183 193
307 183 194
308 185 194
309 185 193
310 170 182
311 170 182
313 170 182
314 170 181
315 170 181
316 170 182
318 170 181
322 170 182
323 170 182
324 170 181
325 170 181
331 170 181
332 170 181
338 168 172
358 169 169
360 190 172
361 189 177
362 184 177
363 185 178
364 186 179
365 185 178
366 182 165
367 183 164
368 180 164
369 181 166
370 179 165
371 178 164
372 179 166
373 180 166
374 178 163
375 176 164
376 177 166
377 174 170
378 177 171
379 177 167
380 175 166
381 183 177
382 182 177
383 187 178
384 204 159
385 200 154
386 194 166
387 197 165
388 191 167
389 189 167
390 199 164
391 202 163
392 176 172
393 179 172
394 195 169
395 198 168
396 193 170
397 191 170
398 202 168
399 205 173
400 204 168
401 183 175
402 182 176
403 183 176
404 183 176
405 178 175
406 181 175
422 205 177
423 207 187
424 208 189
431 170 182
432 170 182
439 170 182
440 191 196
441 192 194
445 207 176
446 204 168
447 180 172
448 181 172
449 180 170
450 179 170
452 195 192
454 168 172
455 168 172
457 206 165
460 207 186
461 183 194
462 170 182
463 207 177
464 181 168
465 181 169
466 181 169
467 181 169
468 179 167
469 180 168
470 180 168
471 180 167
472 179 168
473 179 169
474 180 167
475 180 167
476 180 166
477 181 166
478 181 166
479 180 165
480 181 166
481 182 165
482 183 166
483 183 166
484 182 175
485 182 174
486 183 167
487 184 167
488 185 169
489 185 168
490 185 170
491 186 170
492 185 172
493 186 172
494 185 172
495 187 174
496 181 166
497 182 167
498 183 166
499 181 166
500 183 170
501 183 169
502 183 170
503 183 170
504 182 173
505 182 173
506 181 172
507 183 174
508 183 174
509 182 173
510 182 173
511 183 174
512 183 174
513 183 174
514 183 174
515 183 174
516 183 174
517 181 173
518 185 172
519 184 175
520 185 174
521 186 176
522 184 177
523 185 177
524 184 167
525 185 168
526 185 176
527 186 170
528 184 172
529 184 174
530 185 172
531 183 175
532 184 175
533 184 175
534 184 175
535 184 172
536 184 173
537 184 171
538 184 172
539 183 174
540 184 175
541 184 172
542 184 171
543 183 174
544 184 171
545 183 170
546 183 170
547 183 171
548 185 170
549 184 170
550 184 171
551 184 169
552 185 169
553 184 169
554 183 170
555 182 167
556 184 168
557 183 167
558 184 168
559 183 168
560 183 168
561 183 169
562 181 167
563 180 168
564 181 166
565 181 167
566 182 167
567 181 167
568 181 168
569 182 168
574 182 168
575 182 167
576 181 166
577 182 169
578 182 169
579 182 169
580 182 168
581 181 172
582 181 172
583 183 171
594 187 218
598 188 232
601 190 236
602 190 214
603 191 215
604 192 213
605 190 211
607 199 193
610 194 228
611 192 227
612 192 229
613 194 230
615 199 245
622 187 219
623 188 216
625 187 218
626 206 232
627 204 229
630 219 254
631 219 259
632 224 255
633 223 252
634 197 207
635 201 205
636 200 202
637 197 205
638 191 219
639 190 217
640 189 216
641 189 219
648 188 218
649 189 216
650 188 216
651 188 218
652 190 238
653 191 239
654 214 260
655 214 258
656 210 258
657 211 261
658 194 244
659 197 243
660 195 240
661 193 241
662 209 263
663 208 261
664 206 263
665 207 266
668 190 232
669 189 233
670 191 235
671 192 234
672 194 220
674 192 214
675 193 217
676 224 258
677 219 261
678 209 268
679 208 270
687 188 234
688 194 237
689 193 238
690 197 239
703 193 219
704 193 221
705 213 266
706 223 203
707 222 203
708 224 206
709 226 206
711 200 193
712 222 214
713 222 215
714 222 215
715 223 214
716 220 217
717 221 217
718 221 219
719 221 219
720 228 254
721 226 250
722 230 230
723 228 227
724 224 229
725 226 231
728 229 209
731 225 203
735 227 206
742 200 192
743 204 191
744 204 190
745 216 194
747 216 194
748 218 195
750 236 224
754 220 217
755 221 217
757 220 217
761 226 225
762 223 223
764 223 226
765 241 235
772 197 216
773 220 217
774 219 216
775 220 219
776 220 219
781 206 193
782 205 192
783 200 193
788 206 231
789 204 227
793 222 232
794 228 234
795 232 233
796 236 251
797 235 248
798 233 249
799 234 253
800 229 256
801 237 254
802 234 255
803 204 190
804 205 190
807 233 276
808 227 277
809 229 280
810 236 280
813 210 191
815 231 272
816 226 274
817 200 192
818 200 192
820 197 193
822 222 278
823 224 283
824 206 190
830 224 261
831 230 260
832 252 295
833 251 298
834 253 299
835 255 294
836 259 294
837 256 295
838 255 298
839 258 297
840 256 275
841 254 271
842 253 271
843 254 274
844 234 259
845 236 258
846 219 263
847 218 304
848 217 309
849 225 310
850 227 303
851 242 310
852 247 308
853 247 304
854 243 303
855 206 271
856 208 275
857 208 272
860 207 277
861 205 274
866 218 280
867 218 277
868 214 279
869 213 282
870 253 302
871 256 300
872 210 304
873 209 309
874 205 308
875 207 304
882 260 288
883 258 289
884 258 291
885 259 291
886 241 258
887 239 254
888 242 254
889 241 251
890 240 251
891 238 229
892 235 225
893 232 228
894 235 231
895 228 207
896 229 209
897 249 307
898 245 312
901 239 312
902 233 308
903 233 314
904 215 316
905 224 315
906 204 315
914 212 288
915 212 287
916 202 270
917 203 272
918 205 268
919 203 269
920 205 272
927 193 245
928 194 245
929 192 242
932 220 285
937 221 275
938 214 263
939 215 264
940 206 236
944 235 303
945 203 320
948 202 325
957 207 315
958 212 326
959 214 321
960 208 320
961 207 327
962 243 313
969 234 324
970 235 320
971 230 319
972 227 325
973 221 321
974 221 325
975 211 337
976 212 332
977 206 332
978 205 338
979 219 336
980 220 331
981 224 335
982 226 330
983 229 333
984 232 327
985 233 332
986 235 328
988 234 332
997 229 345
998 230 347
1001 229 346
1002 229 347
1003 222 347
1004 224 351
1005 227 349
1006 227 346
1007 220 348
1008 221 353
1009 216 351
1010 217 354
1011 210 352
1012 212 357
1021 210 342
1022 217 341
1023 222 338
1024 227 337
1029 202 352
1030 205 349
1031 205 343
1032 202 343
1033 216 346
1034 220 343
1035 223 344
1036 229 340
1037 229 339
1040 230 339
1044 209 359
1045 206 354
1046 201 355
1049 230 349
1050 231 348
1051 229 351
1052 219 358
1053 223 355
1054 215 362
1055 211 362
1064 235 353
1066 233 354
1067 227 359
1068 230 356
1069 226 353
1070 222 363
1071 223 371
1072 226 367
1073 217 367
1076 241 384
1077 236 381
1082 235 366
1083 238 363
1084 234 358
1085 230 363
1094 244 375
1095 246 371
1096 244 368
1097 239 371
1098 227 374
1099 232 378
1100 235 374
1101 231 371
1103 232 379
1108 251 369
1111 251 369
1112 253 384
1113 254 380
1114 251 376
1115 248 378
1116 248 389
1117 250 386
1118 244 382
1120 251 393
1121 252 392
1129 262 381
1132 260 385
1133 261 383
1134 260 380
1135 257 387
1136 255 389
1167 210 347
1168 230 337
1179 238 357
1180 238 355
1186 199 336
1187 200 332
1188 235 244
1189 231 245
1190 196 233
1191 195 235
1192 198 237
1193 201 234
1194 201 232
1195 197 231
1197 197 229
1203 207 275
1218 222 199
1228 229 297
1229 221 297
1230 250 303
1236 236 223
1238 199 195
1239 200 194
1240 194 199
1242 220 203
1243 219 200
1244 216 198
1245 216 199
1246 258 280
1247 260 280
1248 243 247
1249 242 243
1251 242 247
1252 234 220
1253 232 224
1259 222 229
1261 222 225
1262 245 299
1263 238 296
1264 227 241
1265 227 245
1266 231 242
1267 230 240
1268 222 233
1269 223 235
1273 220 217
1279 194 196
1280 196 194
1289 189 213
1290 190 210
1291 189 211
1292 189 213
1293 189 212
1302 217 194
1303 219 196
1310 209 229
1311 208 225
1312 203 190
1313 199 192
1314 212 229
1315 212 225
1318 194 198
1319 192 197
1320 192 199
1321 226 290
1322 220 292
1332 200 266
1333 200 264
1336 204 273
1340 199 219
1341 201 215
1342 200 212
1343 198 215
1344 204 265
1345 202 266
1346 194 221
1355 219 214
1356 219 216
1357 219 214
1358 219 214
1362 253 304
1363 253 304
1364 257 300
1376 218 229
1377 221 232
1378 219 227
1379 217 225
1388 221 230
1389 221 230
1393 221 229
1394 221 228
1399 205 214
1400 203 211
1401 194 211
1402 194 211
1403 196 213
1404 194 213
1405 203 222
1406 207 220
1407 206 217
1408 201 218
1413 223 228
1415 197 217
1416 197 219
1417 196 223
1420 193 233
1421 191 231
1424 192 230
1425 194 232
1426 197 247
1428 197 223
1429 200 221
1433 222 221
1434 229 218
1435 228 219
1436 229 220
1437 232 219
1438 219 214
1439 216 212
1440 216 212
1441 215 213
1442 212 210
1443 208 209
1444 209 213
1445 213 213
1446 231 286
1447 238 284
1448 210 270
1449 212 267
1450 210 283
1454 226 287
1461 241 319
1462 237 323
1463 202 337
1465 249 367
1467 247 366
1468 241 362
1469 244 365
1470 240 378
1472 253 373
1473 248 370
1474 253 374
1476 258 298
1477 213 294
1478 212 299
1489 223 247
1491 227 247
1492 223 250
1493 240 239
1494 240 236
1495 236 236
1496 237 239
1500 209 299
1501 209 299
1503 222 215
1504 223 214
1505 210 217
1506 215 217
1507 197 223
1508 199 210
1509 196 210
1510 197 212
1511 211 283
1512 213 287
1513 215 284
1515 253 304
1538 197 217
1539 260 294
1540 261 292
1542 220 223
1544 194 211
1545 194 211
1546 203 250
1547 200 253
1548 202 254
1549 206 252
1550 201 248
1551 197 250
1568 211 247
1569 207 249
1570 211 252
1571 213 249
1572 203 243
1576 216 248
1577 215 245
1589 202 260
1590 206 258
1591 205 256
1592 200 257
1597 208 245
1598 205 247
1599 208 257
1600 214 253
1601 213 253
1602 208 254
1613 216 239
1614 213 239
1615 216 241
1616 218 241
1617 218 244
1618 220 243
1619 223 242
1620 223 244
1622 223 243
1624 217 252
1639 210 236
1640 211 235
1641 219 237
1642 214 234
1651 211 235
1652 210 236
1653 212 236
1654 217 239
1655 220 241
1656 219 239
1657 222 247
1660 222 247
1666 221 242
1679 210 233
1680 213 231
1682 220 232
1691 202 245
1692 199 247
1693 193 252
1694 210 238
1695 209 238
1699 222 247
1701 221 248
1707 209 237
1708 210 236
1712 223 239
1715 223 240
1716 208 235
1719 223 239
1730 215 253
1738 222 245
1739 222 239
1740 222 241
1741 197 256
1742 206 243
1743 209 237
1752 220 246
1757 199 241
1758 202 239
1764 185 165
1765 186 166
1766 183 162
1770 182 169
1771 184 170
1772 183 170
1773 181 169
1774 182 169
1775 180 162
1776 187 167
1777 188 169
1778 180 165
1779 247 259
1780 248 262
1781 250 263
1782 249 259
1783 252 266
1784 251 263
1785 251 265
1786 242 271
1787 240 268
1788 235 268
1789 236 272
1790 230 265
1791 230 269
1792 235 264
1793 225 268
1794 224 270
1795 220 269
1796 220 272
1797 217 274
1798 214 277
1799 212 280
1800 211 279
1801 210 281
1802 210 282
1810 205 192
1811 209 192
1812 221 200
1813 222 200
1814 220 198
1815 218 197
1817 212 192
1818 214 193
1820 219 196
1821 206 196
1822 206 196
1823 211 198
1824 212 197
1825 222 205
1826 220 206
1827 220 206
1828 222 205
1829 205 201
1830 206 204
1831 211 204
1832 209 202
1833 219 204
1834 233 218
1835 232 218
1836 229 215
1837 226 214
1838 225 215
1839 226 212
1840 223 214
1841 222 213
1842 195 209
1843 194 212
1844 196 213
1845 222 215
1846 222 215
1847 222 215
1848 222 214
1849 206 194
1850 216 207
1851 217 208
1852 217 206
1853 214 202
1854 217 211
1855 220 211
1856 220 206
1857 220 206
1858 220 214
1859 222 214
1860 202 208
1861 199 198
1862 199 196
1863 194 199
1864 194 201
1868 221 216
1870 197 216
1871 197 213
1872 192 203
1873 193 205
1874 207 207
1875 211 207
1876 222 220
1877 220 217
1878 220 217
1879 221 216
1880 221 215
1881 205 197
1882 217 211
1883 216 210
1884 220 206
1885 220 206
1886 218 203
1887 218 204
1888 219 214
1889 219 214
1890 220 206
1891 220 206
1892 220 214
1894 190 208
1895 191 207
1896 191 208
1897 192 210
1898 193 211
1901 222 220
1902 220 220
1903 221 221
1904 222 226
1910 222 247
1911 218 251
1912 218 250
1913 215 252
1914 213 243
1915 209 241
1918 187 256
1919 184 258
1920 186 259
1921 190 258
1922 182 258
1943 190 270
1944 192 266
1945 189 269
1946 189 254
1947 192 255
1948 196 254
1960 192 260
1961 189 262
1962 190 264
1963 193 263
1965 197 260
1966 198 261
1967 195 265
1969 187 263
1970 183 260
1971 194 257
1980 201 262
1986 167 263
1987 168 262
1991 167 264
1992 167 265
1993 168 265
1994 168 266
1995 169 267
1996 169 266
1997 171 270
1998 171 269
1999 171 270
2000 172 271
2001 173 272
2002 174 272
2003 172 271
2004 172 271
2009 168 264
2010 167 264
2011 168 265
2012 169 265
2018 173 259
2019 174 260
2022 169 261
2023 171 260
2024 169 262
2031 177 275
2036 176 275
2044 167 266
2061 173 273
2062 173 273
2065 179 275
2066 180 274
2069 169 262
2070 171 262
2071 173 261
2072 174 261
2073 175 260
2074 168 267
2085 168 264
2086 168 264
2106 184 274
2107 182 274
2112 175 260
2113 167 263
2114 167 264
2115 167 264
2116 167 263
2117 167 265
2118 167 265
2119 169 267
2134 170 268
2139 168 267
2150 171 268
2163 167 266
2170 174 273
2171 175 274
2172 175 274
2174 171 272
2175 174 273
2176 174 274
2182 178 266
2183 176 267
2184 176 270
2185 179 269
2193 173 273
2195 177 275
2196 179 273
2197 176 274
2199 174 272
2200 176 273
2201 179 271
2202 180 271
2203 180 272
2206 187 270
2207 181 272
2208 186 269
2209 180 270
2210 174 270
2211 175 272
2212 171 270
2213 172 271
2221 171 268
2223 172 266
2224 170 265
2225 170 267
2226 172 262
2227 173 262
2228 175 261
2229 175 261
2230 176 260
2231 170 263
2234 178 266
2235 181 260
2241 186 265
2244 188 267
2248 168 263
2249 168 263
2250 169 263
2251 169 263
2252 168 263
2253 168 263
2266 167 264
2267 167 264
2268 168 268
2279 180 269
2287 169 263
2288 168 264
2698 168 264
2699 168 264
2700 167 264
2701 167 263
2702 167 263
2703 167 263
2704 167 263
2705 167 264
2706 168 264
2707 169 263
2708 168 264
2709 168 264
2710 167 263
2711 167 263
2712 167 263
2713 168 264
2714 168 264
2715 167 264
2716 168 264
2717 168 264
2718 167 263
2719 168 264
2720 167 263
2721 167 263
2722 168 264
2723 167 263
2724 168 264
2725 168 264
2726 168 264
2727 168 264
2728 168 264
2729 168 264
2730 168 264
2731 168 264
2732 168 264
2733 167 263
2734 167 263
2735 167 263
2736 167 263
2737 167 263
2738 167 263
2739 167 263
2740 167 263
2741 167 263
2742 167 263
2743 167 263
2744 167 263
2745 168 264
2746 168 264
2747 168 264
2748 168 264
2749 168 264
2750 168 264
2751 168 264
2752 168 264
2753 168 264
2754 167 263
2755 167 263
2756 167 263
2757 167 264
2758 168 264
2759 168 264
2760 168 264
2761 168 264
2762 168 264
2763 168 264
2764 168 264
2765 168 264
2766 168 264
2767 168 264
2768 168 264
2769 168 264
2770 171 272
2781 168 172
2785 168 172
2792 168 172
2793 168 172
2794 168 172
2796 168 172
2797 168 172
2805 168 172
2810 168 172
2811 168 172
2814 168 172
2815 168 172
2816 168 172
2817 168 172
2818 168 172
2819 202 228
2820 203 229
2821 211 220
2822 217 221
2824 234 241
2825 234 238
2826 241 239
2834 241 243
2835 237 243
2836 241 247
2837 243 242
2838 242 239
2841 229 237
2842 233 235
2843 239 232
2844 235 233
2846 195 248
2851 224 238
2859 188 221
2860 187 221
2861 191 222
2862 189 221
2863 193 222
2864 196 224
2867 197 226
2868 193 225
2869 191 224
2874 186 256
2876 222 199
2879 211 193
2880 216 194
2881 218 195
2884 225 203
2885 222 199
2886 220 197
2887 218 196
2888 213 194
2889 212 195
2890 215 199
2891 214 200
2892 210 198
2893 210 200
2894 214 201
2895 216 217
2896 218 218
2897 219 221
2898 221 223
2901 221 221
2902 220 217
2903 221 216
2904 221 215
2905 222 215
2906 228 223
2907 227 222
2908 230 225
2909 245 265
2910 245 261
2911 242 261
2912 242 264
2913 249 257
2914 246 253
2915 224 263
2916 229 261
2917 234 261
2918 238 261
2919 219 264
2920 208 277
2921 209 275
2924 217 270
2926 211 273
2927 214 271
2928 244 258
2929 245 258
2930 244 254
2932 233 216
2934 231 213
2935 229 212
2936 231 214
2937 231 214
2938 226 210
2939 226 212
2940 226 212
2941 226 212
2942 222 212
2943 222 212
2944 221 212
2945 221 212
2946 220 211
2947 220 211
2948 226 210
2949 226 208
2956 221 221
2957 222 221
2958 223 219
2959 220 217
2960 226 217
2961 223 216
2962 226 215
2963 228 215
2964 228 211
2965 228 211
2966 228 208
2967 227 207
2968 228 207
2970 231 212
2972 210 191
2977 220 220
2979 220 218
2982 218 218
2984 218 218
2987 218 218
2988 217 211
2989 219 214
2990 219 214
2991 219 215
2992 219 216
2993 220 218
2994 219 216
2995 219 215
2996 219 214
2999 221 210
3000 222 210
3001 220 211
3002 220 211
3003 220 206
3004 220 206
3005 221 210
3006 231 213
3008 194 207
3009 195 203
3010 200 200
3011 206 199
3015 237 223
3016 241 235
3017 240 232
3018 245 250
3019 245 249
3020 244 246
3021 249 259
3022 249 258
3023 248 247
3024 243 242
3027 234 217
3030 187 227
3031 187 224
3034 188 227
3035 188 223
3036 187 224
3037 188 227
3038 190 224
3039 190 226
3040 187 230
3041 188 229
3042 187 230
3043 190 229
3044 189 229
3045 182 194
3046 178 194
3051 175 191
3052 176 193
3057 190 198
3080 243 293
3081 247 294
3082 251 292
3083 248 290
3084 243 284
3085 241 280
3086 239 275
3087 253 293
3088 257 289
3089 255 294
3090 244 275
3091 246 279
3092 248 289
3093 248 286
3094 246 287
3095 254 289
3096 251 289
3097 249 265
3098 251 268
3099 253 269
3100 238 264
3101 244 268
3102 261 289
3103 251 286
3104 257 285
3105 254 286
3106 253 275
3107 250 274
3108 253 279
3109 256 280
3110 247 274
3111 246 271
3112 251 271
3113 249 271
3114 247 268
3115 249 280
3116 255 282
3117 258 282
3118 260 281
3119 261 281
3120 260 278
3121 249 269
3122 247 261
3123 248 265
3124 243 251
3125 202 333
3128 221 288
3129 234 289
3130 240 288
3133 214 290
3136 247 284
3137 251 283
3138 254 283
3139 258 285
3140 260 285
3141 262 284
3150 209 279
3151 210 278
3154 217 272
3156 212 276
3157 214 274
3158 256 271
3164 208 189
3167 170 182
3173 243 238
3178 266 384
3180 266 385
3181 265 385
3182 269 389
3183 269 388
3184 264 387
3185 266 393
3186 263 388
3187 261 391
3188 264 394
3189 258 394
3190 260 397
3191 255 396
3194 270 384
3200 275 386
3202 273 392
3203 275 390
3204 269 396
3205 271 393
3206 268 391
3207 267 398
3208 264 401
3211 255 427
3212 255 427
3213 255 427
3214 255 427
3216 254 426
3219 255 427
3220 255 427
3221 255 427
3222 255 427
3223 260 426
3224 260 426
3225 261 426
3226 261 426
3229 258 427
3230 258 427
3231 254 426
3234 254 426
3243 255 427
3246 255 427
3250 255 427
3254 255 427
3255 257 427
3256 255 427
3257 255 427
3258 255 427
3259 255 427
3260 255 427
3262 255 427
3264 257 427
3268 259 426
3269 258 427
3270 259 427
3271 258 427
3272 258 427
3274 258 427
3276 258 427
3278 258 427
3279 262 425
3280 261 425
3281 262 425
3282 262 425
3283 261 425
3284 260 426
3285 260 426
3286 260 426
3288 260 426
3294 256 424
3303 255 426
3304 258 425
3305 255 427
3306 255 427
3308 258 427
3309 258 427
3311 260 426
3312 258 427
3313 260 425
3314 260 426
3316 264 423
3317 260 426
3318 263 423
3321 255 396
3322 258 402
3323 258 400
3325 260 405
3326 261 403
3327 270 400
3328 272 398
3329 273 396
3330 275 394
3331 276 392
3334 260 409
3335 261 408
3337 257 421
3340 257 422
3341 259 418
3342 259 422
3343 260 418
3344 262 422
3345 263 419
3346 264 421
3347 266 418
3348 266 421
3349 268 419
3360 264 424
3364 259 413
3365 259 414
3366 261 414
3367 263 415
3368 268 414
3369 270 415
3370 266 410
3371 270 410
3372 272 411
3373 274 407
3374 273 406
3377 275 404
3378 276 401
3379 270 405
3380 273 402
3381 275 399
3391 277 397
3399 261 410
3400 260 412
3426 278 395
3439 270 417
3441 272 413
3442 271 414
3451 274 405
3467 277 397
3468 277 397
3469 266 404
3475 212 290
3479 211 294
3481 262 287
3483 187 221
3484 258 275
3485 180 169
3486 180 169
3487 181 170
3488 182 170
3489 183 170
3490 184 170
3491 181 170
3492 182 169
3493 181 169
3494 181 170
3505 239 228
3508 235 220
3541 171 182
3551 170 181
3766 207 164
3798 171 182
3800 171 182
3801 171 182
3818 188 195
3820 170 182
3823 170 182
3828 171 182
3829 170 181
3830 170 181
3831 171 182
3832 171 182
3833 171 182
3836 170 181
3837 171 182
3839 189 196
3902 207 174
3911 175 191
3918 208 188
3924 171 182
3932 170 182
3933 170 182
3942 190 198
3951 170 182
4195 236 214
4215 232 212
4216 233 212
4217 232 209
4221 231 207
4238 238 222
4239 240 226
4256 242 233
4322 262 292
4323 262 293
4324 264 294
4326 260 275
4329 258 271
4356 259 297
4357 263 294
4368 264 287
4369 263 289
4371 265 287
4381 234 212
4382 232 209
4383 265 299
4384 260 299
4385 262 303
4386 266 303
4419 255 303
4420 250 307
4421 251 308
4422 257 305
4435 249 317
4437 249 323
4438 252 321
4439 256 324
4440 252 327
4441 256 330
4442 260 327
4451 260 315
4452 264 313
4453 261 309
4454 256 311
4474 269 316
4475 272 320
4476 272 319
4477 266 323
4478 270 321
4479 267 317
4480 263 319
4481 278 337
4482 280 335
4483 276 333
4484 274 334
4488 279 333
4499 267 339
4500 270 342
4501 273 339
4502 269 337
4503 263 343
4504 261 344
4505 262 346
4506 266 346
4511 269 326
4512 272 324
4513 260 333
4514 263 330
4523 275 328
4524 275 328
4525 275 328
4526 272 329
4527 267 333
4528 264 336
4534 267 349
4542 278 348
4543 275 344
4544 273 346
4545 275 349
4546 283 344
4547 285 343
4548 282 339
4549 280 341
4550 286 343
4564 276 353
4565 280 352
4566 286 349
4567 288 348
4572 282 368
4573 286 366
4574 284 362
4575 280 362
4576 290 353
4577 288 354
4578 289 359
4579 292 358
4590 289 377
4591 287 371
4592 284 373
4593 286 378
4594 293 363
4595 290 364
4596 292 369
4597 294 369
4608 288 383
4609 290 382
4610 295 381
4611 297 379
4612 295 373
4613 293 375
4614 296 373
4617 297 378
4623 251 306
4626 253 304
4627 247 326
4628 243 322
4629 254 333
4630 250 329
4631 257 335
4632 261 338
4633 265 341
4634 268 344
4635 270 347
4636 272 351
4637 276 359
4638 278 358
4639 274 355
4640 280 368
4641 278 363
4642 281 375
4643 283 378
4644 284 385
4655 274 324
4656 273 324
4657 260 340
4658 256 338
4662 274 361
4663 273 357
4667 291 352
4669 289 347
4670 249 332
4671 250 334
4672 253 338
4673 252 334
4696 230 207
4698 227 203
4699 226 202
4729 262 277
4730 263 278
4836 258 299
4837 255 302
4841 246 328
4842 269 349
4843 270 352
4844 276 364
4845 279 369
4846 281 375
4848 283 385
4926 247 312
4928 252 315
4929 255 318
4930 268 312
4931 269 312
4933 265 308
4937 292 358
4986 252 305
4988 260 321
4989 263 325
4990 266 328
4991 269 331
4992 272 335
4993 274 339
4994 278 342
4995 280 346
4996 281 357
4997 285 355
4998 283 350
4999 286 359
5000 287 366
5001 290 370
5002 290 376
5003 293 382
5222 228 206
5246 252 263
6341 226 202
6343 229 205
6373 250 258
6390 237 220
6391 239 221
6409 235 214
6410 233 215
6425 237 216
6428 233 209
6429 236 214
6456 236 217
6457 237 217
6465 235 214
6466 235 217
6475 241 229
6476 237 220
6539 264 280
6541 263 281
6561 263 284
6574 289 388
6575 290 391
6576 291 391
6577 291 387
6579 295 386
6592 287 389
6593 287 391
6594 300 389
6595 295 390
6596 293 387
6597 293 390
6598 292 397
6599 289 397
6600 299 394
6601 296 396
6609 287 398
6610 293 396
6719 284 388
6720 282 394
6724 284 397
6726 282 396
6730 303 396
6732 283 399
6733 285 399
6734 283 399
6788 300 401
6789 299 401
6794 297 401
6795 297 401
6796 297 401
6797 278 404
6798 279 406
6801 281 401
6802 282 404
6803 283 405
6805 286 404
6815 292 401
6817 290 401
6818 286 402
6827 297 401
6828 295 401
6832 290 400
6833 292 400
6834 294 400
6835 300 400
6836 294 400
6844 286 404
6847 290 402
6849 291 402
6861 295 401
6871 269 351
