9.916689792214994359e-01 1.600330955749420081e+00 8.396187606417904181e-01
1.054082111143357370e+00 1.691721232988199874e+00 8.721145536887782157e-01
9.128325318543923927e-01 1.679611622506756774e+00 8.578822733429379843e-01
9.984851671047821897e-01 1.482407240514141522e+00 8.464926377119834644e-01
1.072213035079364163e+00 2.029183850986981064e+00 1.033834669684173146e+00
8.407685180134897296e-01 2.052423293530715398e+00 8.653563827248157425e-01
1.013940237813928169e+00 1.351668911898183278e+00 8.135113001926516096e-01
1.035636479932194209e+00 2.403413795780513063e+00 1.164699095158151509e+00
8.268951271919499080e-01 2.447342123645077638e+00 9.191602488556961381e-01
1.009170685645014442e+00 1.310155598086478967e+00 7.713535619474065630e-01
1.125125838489962282e+00 2.453217224852522804e+00 1.077493187760216964e+00
7.767531317973135341e-01 2.510484347737698130e+00 8.077893308345734935e-01
9.957322373295067752e-01 1.098993968454807568e+00 7.424400195914799827e-01
1.089387707527861515e+00 1.185444062040364566e+00 7.547982785371806225e-01
9.159738474975495093e-01 1.191558722455520414e+00 7.768782326623437928e-01
9.926944495737951568e-01 1.035570962559901442e+00 6.879948289187274302e-01
1.190974459274368735e+00 1.231107429338055059e+00 7.478582504404737152e-01
8.131605948206377388e-01 1.246567882846364661e+00 7.862016516821794809e-01
1.292609375294774265e+00 1.467844712733640922e+00 7.769249203144824589e-01
7.593384902493058863e-01 1.483277835071651563e+00 8.559132336940887820e-01
1.394116339571232599e+00 1.689945226815866341e+00 7.152587249426860527e-01
7.479978410193818261e-01 1.738031947782851194e+00 8.333427904990390322e-01
1.421163708025167560e+00 1.773800504059836136e+00 7.138154224946124948e-01
7.637483585376105832e-01 1.824757813642097215e+00 8.389817834744250913e-01
