9.812398783879335840e-01 1.586878065979730579e+00 8.963937194400805053e-01

1.046867120023076358e+00 1.681134099045202612e+00 9.094585928318147383e-01

9.052711128288459808e-01 1.668929000979750832e+00 9.079762714353375452e-01

9.875969431761887352e-01 1.470794331116851428e+00 9.199876325841680469e-01

1.085432908964198528e+00 2.052507679169182531e+00 9.912966101093535487e-01

8.655110062720436925e-01 1.965828311015080043e+00 6.722382421616437398e-01

9.994577085660052429e-01 1.341693979978338280e+00 8.835502392330093491e-01

1.064355965144937688e+00 2.450405365917471379e+00 1.082843626906726531e+00

8.708733888290477454e-01 2.270720241137702988e+00 9.539245097487144553e-01

9.925267905234912424e-01 1.298126798583262520e+00 8.441233291712301190e-01

1.126339147574832111e+00 2.522442230139095187e+00 9.845870664051101784e-01

8.244904373118374652e-01 2.388338287953929218e+00 8.945107599330616166e-01

9.763031174437907245e-01 1.087932714937426271e+00 8.056527028464399720e-01

1.069768757003020321e+00 1.171018554893939800e+00 8.245959838689397303e-01

8.989645313226446444e-01 1.179383433329944442e+00 8.466208127647341097e-01

9.699335070264878400e-01 1.040878245145823611e+00 7.359035307830511519e-01

1.172582709001899870e+00 1.188379234077005409e+00 8.496187106912035381e-01

8.025381484608854477e-01 1.225950590619042213e+00 8.864451900354389791e-01

1.273696335188909456e+00 1.424783923089558257e+00 8.961310774204191976e-01

7.307039817789791059e-01 1.467285039068668473e+00 9.457561496751463181e-01

1.374906851164761079e+00 1.659909024949745238e+00 9.023947083227097377e-01

6.484902507382798165e-01 1.713229294557860882e+00 9.767086894685425014e-01

1.386226678435243720e+00 1.746317616220747881e+00 9.200711067633553508e-01

6.335482068645199583e-01 1.800116040687701036e+00 9.912113017255496095e-01
