9.896206222017579490e-01 1.545040723452118181e+00 8.532529991065448405e-01
1.057910992906767378e+00 1.633094968208867126e+00 8.524755161306276641e-01
9.182925781498596507e-01 1.629590954204193753e+00 8.392969349013468250e-01
9.860043080030053142e-01 1.436370647731899819e+00 9.025240100755285155e-01
1.115363726482975437e+00 1.912022738383739595e+00 6.345225697424521361e-01
8.627947112743438174e-01 1.924629850664359765e+00 6.238384155239942164e-01
9.997822880146325364e-01 1.330657278321964565e+00 8.184503550041712927e-01
1.070129310273408629e+00 2.276276101674381103e+00 7.763848124400609674e-01
8.808654359825693891e-01 2.284021723704131812e+00 7.802839178311539170e-01
9.997896065660109022e-01 1.319063394299647252e+00 7.579546284104532461e-01
1.145171146910597626e+00 2.282207804439298382e+00 6.654517236958121806e-01
8.118187548437276746e-01 2.287924494418748900e+00 6.620448254284997391e-01
9.724094983354867328e-01 1.133948202336755529e+00 6.621957793132344783e-01
1.070898975702284872e+00 1.199133619491455027e+00 7.053950618331846778e-01
8.969995846487667235e-01 1.215377139120465078e+00 7.214990567998756932e-01
9.849751193511222525e-01 1.136157370596690086e+00 5.755949907419608547e-01
1.167787237522129207e+00 1.259529990591578885e+00 7.002076274948976220e-01
8.045032696292264696e-01 1.288948539430856854e+00 7.178329945777010002e-01
1.237138677258222241e+00 1.502225384429635602e+00 7.419907390459306029e-01
7.420648537498586439e-01 1.525371788123099925e+00 7.651871162880969912e-01
1.252932987787817698e+00 1.733915102553393872e+00 6.536012474470461742e-01
7.115797835373157687e-01 1.762201273371226007e+00 6.856315498838185807e-01
1.242879835112593367e+00 1.818321239829943980e+00 6.330266500887943293e-01
7.269278870644499957e-01 1.837920969269543736e+00 6.436169800333083613e-01
